328.15,C1,C2
328.15,296.15,296.15
328.15,296.2387989074226,296.216126200403
328.15,296.3289924015437,296.1836206820367
328.15,296.1116765097368,296.2443963128631
328.15,296.30876560281365,296.35550069358567
328.15,296.51467988111057,296.2587958201125
328.15,296.32841072474184,296.3182729088418
328.15,296.64269333936585,296.52055197726804
328.15,296.8433518215338,296.5809726789348
328.15,296.90266932668106,296.60600643770897
328.15,296.9031279900563,296.6413414390796
328.15,297.19588488407703,296.96811605046145
328.15,297.2901210087724,296.9718866614231
328.15,297.61044570109453,297.0122089649365
328.15,297.7149132757102,297.26358220697006
328.15,297.96563619427747,297.36442139248624
328.15,298.37030114873625,297.6425352110908
328.15,298.36901069081733,297.94238532818457
328.15,298.6564986765972,298.11221807546576
328.15,298.8271158276584,298.2077097954057
328.15,299.1711085098846,298.3094027566861
328.15,299.290445518196,298.6547525730759
328.15,299.7900605029779,298.9093462396426
328.15,299.93569515651467,298.92963980598927
328.15,300.289175029862,299.2865026022795
328.15,300.5920816096783,299.6927314108969
328.15,300.8693396591444,299.7739001933429
328.15,301.14070227367216,300.0275131812958
328.15,301.5898293246158,300.3052281344175
328.15,301.7673714840803,300.39022404098864
328.15,301.98352936407053,300.7508238342303
328.15,302.51747198825933,301.01572029483526
328.15,302.7841232787088,301.3250550695679
328.15,303.3234203101463,301.5506250393388
328.15,303.6451275000753,301.5187259762131
328.15,303.73054044262,301.9816764031059
328.15,304.0210024957996,302.275360650343
328.15,304.52656528009635,302.6326586110263
328.15,304.78527639539635,302.7174736036402
328.15,305.168318572796,303.01320113833975
328.15,305.2875640199758,303.36940456197397
328.15,306.07943582510745,303.67536643329424
328.15,306.285007064668,303.8643692807702
328.15,306.62800038700476,304.3516675316519
328.15,306.95364919132265,304.50037923342796
328.15,307.26631941382703,304.7070279738849
328.15,307.677471559922,305.00489686686626
328.15,307.99552791682305,305.3823711161208
328.15,308.4146464363849,305.7039473867342
328.15,308.68948376203366,306.0542674169339
328.15,309.1416888485033,306.12369604560723
328.15,309.6624700424044,306.3096001237395
328.15,309.9005791558719,306.78291098907465
328.15,310.4317032745235,307.0382473983207
328.15,310.6894891957948,307.44073251790616
328.15,310.95767561899453,307.6836739189371
328.15,311.3344447278484,307.9524538603608
328.15,311.84513290885934,308.34403129840206
328.15,312.1258839108771,308.57287439719994
328.15,312.4631359488531,309.0159175157088
328.15,312.8521376593279,309.1774308897215
328.15,312.879895283958,309.3973399322778
328.15,313.4765894564929,309.75188468892276
328.15,313.874733834339,309.7532104126591
328.15,314.39406214923764,310.4779252155973
328.15,314.53969457413245,310.64583516866173
328.15,315.2005170780566,310.8789391238593
328.15,315.59817617783506,311.18876037053167
328.15,315.71499330526495,311.39867343220203
328.15,316.0339103446018,311.7584630255739
328.15,316.41045637691485,311.9795556062725
328.15,316.9383894069812,312.3616077266057
328.15,317.142158778824,312.5186300499836
328.15,317.5704625394163,312.86213054195736
328.15,317.86556894132747,313.2192000154762
328.15,318.1333270376071,313.3873452933611
328.15,318.6852360424316,313.6061646872522
328.15,318.8211649868068,314.15952849370757
328.15,319.3041127179573,314.21455761164515
328.15,319.562865397529,314.65939386857315
328.15,319.79580809643386,314.9550325986046
328.15,320.27481857801433,315.1741309768343
328.15,320.76658937664683,315.3534116717963
328.15,320.88186153751224,315.79820959650226
328.15,321.15882128606927,316.00963120398717
328.15,321.63484549467324,316.3046380733851
328.15,321.95285263602585,316.6416423614203
328.15,322.327735337194,316.8944235537126
328.15,322.5984466434787,317.19845776676453
328.15,322.9701384182172,317.493724661072
328.15,323.25235524759626,317.78251868421455
328.15,323.61288666924577,317.8317170036047
328.15,323.926663619288,318.24965569788856
328.15,324.2979220569916,318.5087641808235
328.15,324.5572006297506,318.8305841728829
328.15,324.8866896572005,318.8364490767865
328.15,325.41364923149797,319.11534189644675
328.15,325.4023823465307,319.6612917016515
328.15,325.8916486976502,319.8787368429161
328.15,326.1255493208678,320.07439983272684
328.15,326.6403737156225,320.2206215926277
328.15,326.67974709837625,320.4841068519675
328.15,327.1463756273024,320.8559737974919
328.15,327.38803623521625,321.27790495033497
328.15,327.96029102874473,321.33934115298683
328.15,327.874944992231,321.7736204109712
328.15,328.42673313979606,321.9811051648702
328.15,328.5270290321788,322.2382591305747
328.15,328.973036995082,322.3355333872727
328.15,329.21277574670836,322.54393689630535
328.15,329.6566670135746,322.91388374282633
328.15,329.9084006160928,323.35355587393406
328.15,330.31546213760595,323.411540416194
328.15,330.3231643837396,323.614850371267
328.15,330.68587017555654,323.778991658904
328.15,330.7611919110317,324.2983334572227
328.15,331.2977490260139,324.40771090828105
328.15,331.6515605964475,324.6937094051739
328.15,331.9230292850387,324.94525012702263
328.15,331.82704263781324,325.07220035225964
328.15,332.3731512906905,325.3717356988534
328.15,332.61959426038015,325.4144930013151
328.15,332.869486161168,325.86369168518013
328.15,332.88682585307834,326.25597768216966
328.15,333.29157350264813,326.53692882299663
328.15,333.4506245951092,326.5498528113924
328.15,333.62201100282726,326.84309997524156
328.15,333.7393275638348,327.1202362186409
328.15,333.9478011764039,327.2345296475871
328.15,334.14911439842507,327.5184123676638
328.15,334.23734869761626,327.5634000549741
328.15,334.3563144260713,328.0710484545987
328.15,334.6954442201608,328.1546038337538
328.15,334.6069738737853,328.3919934033249
328.15,334.87377438921965,328.62017195205806
328.15,335.0079744554515,328.80181149079607
328.15,335.1229623564618,329.14356598707377
328.15,335.096820297706,329.24482882777
328.15,335.42439056139597,329.45692422543823
328.15,335.38836339827975,329.6396826660837
328.15,335.6511881359251,329.931068931797
328.15,335.63169422261404,329.98005730292255
328.15,335.79345123444426,330.2569831931723
328.15,335.7600705925259,330.36081776609353
328.15,335.69228660538414,330.668465491309
328.15,335.8981232528177,331.0516814612784
328.15,335.8008940846341,331.0939954153166
328.15,335.92927541685464,331.5482769985857
328.15,336.05227546925215,331.608474135699
328.15,336.0691062329032,331.7812073256333
328.15,336.2144493602335,332.09155530405945
328.15,335.9746397831533,331.93419193848337
328.15,336.1896200004119,332.3197504951648
328.15,336.19599712311907,332.5076385661803
328.15,336.0331764236444,332.39908991949835
328.15,336.257474611298,332.81232896713
328.15,336.1201067733824,332.93963419008924
328.15,335.9452053818385,333.141639713594
328.15,336.0523138593384,333.41212339495166
328.15,335.71789470985215,333.490125226143
328.15,335.9197705685965,333.7315406611908
328.15,335.80957586656336,333.9251625791395
328.15,335.92630380332884,333.87803533526596
328.15,335.7625742422125,334.12094183984266
328.15,335.6907198652071,334.36646392988166
328.15,335.7924831056743,334.4809000176409
328.15,335.4427083752268,334.6511911257801
328.15,335.49470072327733,334.8021278672693
328.15,335.7130906685498,334.94838519068344
328.15,335.4870038972449,334.8474052907789
328.15,335.4822697372159,335.2159680833622
328.15,335.21713567509056,335.0517778084939
328.15,335.10891585305524,335.1848156038489
328.15,335.15482241478276,335.2446689913103
328.15,335.1165133968692,335.26155372798513
328.15,335.16905312531793,335.40231728690844
328.15,334.96740168031766,335.6123634186022
328.15,334.9725924354936,335.62182693254306
328.15,334.826757201175,335.87632051497167
328.15,334.91705467332656,335.59903444829337
328.15,334.76438860641105,335.92419709305324
328.15,334.67439657889463,335.84433929294465
328.15,334.4833380588117,336.1069013208891
328.15,334.4810935047785,335.84298641773677
328.15,334.47315157049485,335.8654609316078
328.15,334.0622481274609,335.92108773274344
328.15,333.93939451261133,336.2457621814407
328.15,333.99701942956295,335.9600962345946
328.15,333.94445270604234,336.14952523668575
328.15,333.962878907458,336.11006736813533
328.15,333.80596471698834,335.95446966156317
328.15,333.9294042504081,336.11123646458265
328.15,333.7532917867168,335.9441748718156
328.15,333.7775481300161,336.03424202914266
328.15,333.66457316811136,336.0624879196082
328.15,333.5285966397922,335.94050717680864
328.15,333.2646016760232,336.09852000952054
328.15,333.2557879338902,336.0114550595782
328.15,333.1951946336572,336.20727042309227
328.15,333.2147182443036,336.04963392402857
328.15,333.2196869956119,335.9447022406493
328.15,333.0396663257022,335.8995636613808
328.15,333.06805592294444,335.7533087819498
328.15,332.9963406890705,336.08730227110306
328.15,333.04985478834107,335.8935263298831
328.15,332.8702719847116,335.9425766026174
328.15,332.927787355636,335.8514231140771
328.15,332.7946552916451,335.7139160280582
328.15,332.57965006355835,335.77456016584716
328.15,332.5864749969043,335.4790115328971
328.15,332.52478814839543,335.62354631290634
328.15,332.47449995255784,335.5945569243426
328.15,332.4042934554896,335.4180412933192
328.15,332.31647242748915,335.65315239867294
328.15,332.28466065118187,335.33080140446185
328.15,332.33197542658115,335.36506723997496
328.15,332.2820729417079,335.30880988973456
328.15,332.32964658258624,335.30769545298705
328.15,332.1818902617673,335.17668580899937
328.15,332.0658891787655,335.10970859976
328.15,331.9204696103196,335.0873045579903
328.15,332.0380491639406,334.9757000012737
328.15,331.97692190312756,334.9199482420317
328.15,332.04821682392054,334.75926765346935
328.15,331.8276413668884,334.8300571652433
328.15,331.9162962489427,334.79948257033885
328.15,331.9651434258498,334.8623316879731
328.15,331.69035986468253,334.74489323915486
328.15,331.72373186465813,334.57504944047105
328.15,331.84406040652556,334.50070696289276
328.15,331.90433484819897,334.49590207580803
328.15,331.6086465996784,334.54254826470407
328.15,331.66381247170716,334.28138332174393
328.15,331.54687728634724,334.0447026706327
328.15,331.59312070338586,334.2630376781001
328.15,331.6880691481391,334.0085177283462
328.15,331.5198154231956,334.1172267431348
328.15,331.35874007019834,334.00933519515985
328.15,331.2078464339828,333.8083270036171
328.15,331.41982517188603,333.8939734195608
328.15,331.5275294164338,333.6934672506631
328.15,331.2770121101431,333.894657838017
328.15,331.4558162038299,333.6382967830541
328.15,331.30986443512705,333.76950832257023
328.15,331.42629257720506,333.52875318886817
328.15,331.3498805039991,333.6015788175777
328.15,331.3204270646337,333.5102841945945
328.15,331.3251776170915,333.65334308650506
328.15,331.2362565652513,333.3971310565913
328.15,331.233141793984,333.3035249088822
328.15,331.31722264195764,333.19529865558314
328.15,331.26701764845444,333.24641740857237
328.15,331.1557266453452,333.0052234811132
328.15,331.29876862835675,333.0634769804136
328.15,331.0158006909728,332.9291925590249
328.15,331.10232210091584,332.97167810175455
328.15,331.18979659342614,333.1243156945168
328.15,331.1962973388091,332.864894791423
328.15,331.1661892724378,332.96830412576173
328.15,331.0825478525874,332.70522479295886
328.15,331.059901705875,332.8677467776338
328.15,331.01094124078554,332.68863233384286
328.15,331.0951923732809,332.58873759649606
328.15,331.0073730275201,332.6986239833714
328.15,330.91368766725367,332.64262888789744
328.15,331.08460858855364,332.6546314809907
328.15,330.8625271806986,332.43189986056416
328.15,330.99786263538476,332.5189421526389
328.15,331.0599625051864,332.5355566764428
328.15,330.9365661879439,332.42884406397576
328.15,330.732215693741,332.40354748382924
328.15,330.8702076020351,332.2426210006032
328.15,330.78720815400027,332.3464313088033
328.15,331.0168081606216,332.2344209287578
328.15,330.823302525832,332.38187101791004
328.15,330.79105184316444,332.3020960465647
328.15,330.91147908584725,332.1771502433119
328.15,330.9276809136174,332.009356449754
328.15,330.8283095695556,332.1705463824279
328.15,330.85407545211984,332.25772975927345
328.15,330.8512745901405,331.93771148823447
328.15,330.9043905039307,331.8679432282877
328.15,330.58984114019984,332.0912480682226
328.15,330.74572314491155,331.87375001518717
328.15,330.7191416476,331.938881309853
328.15,330.72933139055976,331.84510806869173
328.15,330.7340826209826,331.93097722108956
328.15,330.89693185801593,331.73012642484633
328.15,330.6491036032067,331.8849012366792
328.15,330.7244468552621,331.7794476383328
328.15,330.7186640055534,331.70083325461053
328.15,330.74126455419974,331.77068276965684
328.15,330.5763376689947,331.71331256102445
328.15,330.7524460207556,331.76262989057307
328.15,330.59379280109397,331.66552633527135
328.15,330.6204041219823,331.66041740031574
328.15,330.6047448414755,331.6561762536481
328.15,330.66178802776085,331.5561095966418
328.15,330.72422664766856,331.73603098853397
328.15,330.5544855124754,331.70855384545547
328.15,330.6267296042152,331.62990982757674
328.15,330.5942299243192,331.5945726340295
328.15,330.50905994128675,331.36008474646604
328.15,330.52461710961035,331.296388427132
328.15,330.4548383571446,331.3122495777798
328.15,330.4695272370651,331.45311211626165
328.15,330.3758268333543,331.44787552639804
328.15,330.5283366248965,331.4529989400117
328.15,330.49473117825704,331.38633705733963
328.15,330.34415727941996,331.34834830213015
328.15,330.4037341207948,331.2202043975176
328.15,330.2949837874822,331.387093401162
328.15,330.3831128717066,331.4610826025627
328.15,330.4883638497833,331.23450067842117
328.15,330.32464947158735,331.33188554447344
328.15,330.2370999061295,331.11184633617415
328.15,330.34970227053043,331.1834825867826
328.15,330.36009522336457,331.1320332948402
328.15,330.3002139583423,331.24180113734735
328.15,330.2986529618113,331.08893745265834
328.15,330.39474995777977,331.2990363531108
328.15,330.23191173104755,331.2084555719278
328.15,330.4345980448234,331.1155461777826
328.15,330.3613715252507,331.05610617595096
328.15,330.17917508275656,330.9394462018295
328.15,330.39040852011254,331.1357784530223
328.15,330.20440036229087,331.05231989492637
328.15,330.1636930259637,331.04358071323793
328.15,330.22199883855694,331.0816079048972
328.15,330.2272680396792,331.14502536188337
328.15,330.33530325233585,331.13252947981834
328.15,330.1482763947674,330.9713956691499
328.15,330.1464184375008,330.91546600883726
328.15,330.02696047152585,330.82612654947485
328.15,330.0954251562104,330.90528007206416
328.15,330.17429573126094,330.75698997439116
328.15,330.1639587789778,330.87240167909977
328.15,330.0115960790946,331.1437029940603
328.15,330.05119210839325,330.9665600188382
328.15,330.09453965947364,330.9308609686104
328.15,330.0924418015429,330.9804094554978
328.15,330.0491861050868,331.0630903467027
328.15,330.0256548893983,330.8174575923806
328.15,330.17080658559075,330.7535499625196
328.15,330.0979225040876,330.86708080308824
328.15,330.01511933308103,330.93358527535287
328.15,330.0363100425429,330.7784284682175
328.15,329.9868172600959,330.8057860808302
328.15,329.90642134382597,330.7168234911228
328.15,330.06536700363296,330.54845515087186
328.15,329.86659099265523,330.71255462823075
328.15,329.82749015417886,330.73793312460884
328.15,330.04400866708016,330.79031390935086
328.15,329.9457022186054,330.80507196861276
328.15,330.000493639452,330.58625290387545
328.15,329.86526293726547,330.78256429643733
328.15,329.7652215232161,330.6001415788371
328.15,329.84257653643215,330.66697980609354
328.15,329.7179786685104,330.77379401422644
328.15,329.9022469069817,330.7627900600214
328.15,329.91002162725727,330.57999155494633
328.15,329.807388608764,330.67184213981653
328.15,329.83865718167436,330.6357597021053
328.15,329.8002067488091,330.6347379640952
328.15,329.89229204039356,330.8937526858245
328.15,329.6226491826351,330.4938535049514
328.15,329.58803093326276,330.5065552946961
328.15,329.69027532269104,330.5013657884006
328.15,329.861224327687,330.4688257771215
328.15,329.51811144157244,330.51402184902946
328.15,329.67259265219485,330.58289017997146
328.15,329.7785685487827,330.43282073095446
328.15,329.69072766230227,330.54804077896
328.15,329.667752151063,330.5879388248598
328.15,329.6005036483386,330.64502535329575
328.15,329.6070402395323,330.49662932285037
328.15,329.5956329382607,330.5432758900445
328.15,329.7070674208695,330.4418362182788
328.15,329.63618646283237,330.2844754490199
328.15,329.51899916224164,330.5037131111888
328.15,329.6429507722437,330.55696634066425
328.15,329.579340322092,330.5177174605954
328.15,329.5550279315632,330.2321366108242
328.15,329.6623666900282,330.26376966598394
328.15,329.5543548453615,330.3521374782649
328.15,329.69591186767457,330.32291368298075
328.15,329.63314844175204,330.314418475775
328.15,329.69393835012147,330.37876299945924
328.15,329.58867245836257,330.42485615573224
328.15,329.3557964682002,330.11343491115184
328.15,329.532013609966,330.18911154458823
328.15,329.3634382297996,330.1875630266578
328.15,329.5760945036106,330.1335178023173
328.15,329.3407325180779,330.3063281506434
328.15,329.4585229097233,330.1071926190637
328.15,329.4470409834811,330.0904807990963
328.15,329.48591436807334,330.15420419016914
328.15,329.37188042692685,330.01728901068697
328.15,329.43087155231393,330.15337744511714
328.15,329.24776908944045,330.2593248971798
328.15,329.4109613517026,330.28447124582004
328.15,329.41818993151014,330.2193177120964
328.15,329.41811025400216,330.22384700248716
328.15,329.41361961788533,330.180557100885
328.15,329.21107157194695,330.0053209526371
328.15,329.28786899610844,330.0868419157157
328.15,329.3137352761431,329.95508869755355
328.15,329.4563513922509,330.2119690278869
328.15,329.4801064684004,330.10045963473317
328.15,329.34982982898674,330.15067249583774
328.15,329.1749518786178,329.9296859643839
328.15,329.0871925622766,329.98748218126514
328.15,329.4052295854915,329.9636469485751
328.15,329.3115219042479,330.13248920903493
328.15,329.1858550814265,330.0649237542182
328.15,329.388146310897,329.8994854886142
328.15,329.30103265972116,329.92356255919987
328.15,329.30643840662594,329.9382091226022
328.15,329.1689770910624,329.78872108670885
328.15,329.31608426899675,330.0630913567737
328.15,329.38964388412785,329.7937576498343
328.15,329.19036220461123,329.7632947701927
328.15,329.31318057722024,329.8597321836158
328.15,329.0618109224807,329.83852378096725
328.15,329.1489815830777,329.93212083726934
328.15,329.32579492148756,329.70985686062176
328.15,329.3408692615032,329.9667433512421
328.15,329.23757018156414,329.86032030477713
328.15,329.18655337075165,329.8109752573931
328.15,329.1766042205441,329.7202666338168
328.15,329.35695169676904,329.9270534458952
328.15,329.3750444134642,329.7727338218987
328.15,329.3617929898706,329.60235766403395
328.15,329.3190145993806,329.94690094597746
328.15,329.4275998815597,329.5788972486467
328.15,329.278025394769,329.7545925431478
328.15,329.26180149803594,329.558648817883
328.15,329.160055917327,329.819090737283
328.15,329.2756854088871,329.64330219603613
328.15,329.20328777444786,329.6235672728359
328.15,329.18744157427034,329.72001870570466
328.15,329.0895208037048,329.6815957035817
328.15,329.12219956335724,329.7866453803276
328.15,329.3135010597067,329.63716248714894
328.15,329.1786838862264,329.66618222653295
328.15,329.2467193188331,329.3549196316511
328.15,329.16952671218746,329.59961587998566
328.15,329.12698282907724,329.9042210622083
328.15,329.18098175858637,329.7302429831615
328.15,328.9402817767709,329.6797528940178
328.15,329.0130037714533,329.55780396050454
328.15,329.3449449888235,329.58503188291945
328.15,329.0619083901348,329.59366032873226
328.15,328.91452549112705,329.70061395754317
328.15,329.08151114333185,329.46342214069085
328.15,329.249787989446,329.4387219597456
328.15,329.21639484667344,329.55482902188425
328.15,329.0754513753767,329.61544531643455
328.15,328.96513779442114,329.566834924458
328.15,329.08818280760704,329.4304930097431
328.15,328.99171687600136,329.5678366062366
328.15,328.9787664277994,329.31894651422886
328.15,329.04461816907286,329.5736812871318
328.15,328.8959222818129,329.686998089841
328.15,329.1222074312489,329.4748587182455
328.15,329.1022547892573,329.50867340949236
328.15,329.00960055736437,329.4789802585697
328.15,329.0182721322072,329.70122073336626
328.15,328.91017123693405,329.51829227288044
328.15,328.88484112759147,329.3593232916973
328.15,329.02707797770125,329.5617866963579
328.15,328.8723384895329,329.404445175709
328.15,328.9954768962477,329.53698364640326
328.15,328.87056418886544,329.4354817519676
328.15,329.02819726656406,329.4076904192659
328.15,328.9558741830755,329.5571521047322
328.15,328.91701646702046,329.2970254039648
328.15,328.7578813648189,329.4699823218676
328.15,328.85362696507605,329.31378061755254
328.15,328.85284670008105,329.3823664902715
328.15,328.93752306721876,329.4087245475242
328.15,329.03492244068616,329.2016181911383
328.15,328.94750240690774,329.24068403604474
328.15,328.8984382582753,329.2518067438196
328.15,328.8375822290529,329.42049689522486
328.15,328.7832566860907,329.2174925882192
328.15,328.67813453985565,329.38434926813034
328.15,328.7679175966,329.3142406863292
328.15,328.8659560690691,329.28713213084285
328.15,328.9069179770246,329.44728639315093
328.15,328.87297367432876,329.26242102363693
328.15,328.8462376969264,329.23797301282883
328.15,328.8540086461358,329.36506779066497
328.15,328.8295262789381,329.24213762096304
328.15,328.8858034268699,329.06850221558767
328.15,328.9584150202342,329.18139902974747
328.15,328.94693156698645,329.18197934129364
328.15,328.9148262005462,329.183520893857
328.15,328.82868449839077,329.2657856954053
328.15,328.8081419981081,329.0821343110447
328.15,328.83618190991115,329.25248122018536
328.15,328.90662441407557,329.3259246232066
328.15,328.8415214504839,328.92865814312074
328.15,328.73087961354776,329.1867865176272
328.15,328.5587179777106,329.203099209101
328.15,328.5003152171669,329.32145853979154
328.15,328.7544209670202,329.3353649597886
328.15,328.8790162350945,329.23973393989104
328.15,328.8349842918125,329.00903816538806
328.15,328.75081521731084,329.3973347965465
328.15,328.82432789129166,329.203338369704
328.15,328.8171187509151,329.1742816118922
328.15,328.8850023178245,329.35377856193975
328.15,328.67690291699677,329.15395294294495
328.15,328.8684505333836,329.1987463932626
328.15,328.7485023381501,329.1699290856251
328.15,328.6098150853255,329.07534588650395
328.15,328.7205055079126,329.2317612138143
328.15,328.81487659932145,329.27372843779506
328.15,328.85468783218704,329.1085369374962
328.15,328.90416404605816,329.186500996226
328.15,328.6584231651451,329.18317389117925
328.15,328.6795799969947,328.88760562065494
328.15,328.8582466050372,329.2135680690821
328.15,328.66044112342195,329.09702904730796
328.15,328.77907652186514,328.8367381234542
328.15,328.88723563952965,329.14485087172216
328.15,328.7531299947476,328.89683925948185
328.15,328.584188419343,328.929171916256
328.15,328.50727885103765,329.1688825109729
328.15,328.56481976320265,329.0845105101184
328.15,328.70239407392404,329.0935453624908
328.15,328.7489209954955,329.0737567063472
328.15,328.6629287124671,329.24775244977354
328.15,328.7913738603943,328.9447653621197
328.15,328.8019195541689,329.0212862721459
328.15,328.650288476915,328.93604433122005
328.15,328.7494883819289,328.95768793134215
328.15,328.8658375900263,328.89446410998585
328.15,328.7939710488041,328.8285150584446
328.15,328.42444782253676,329.05015170573273
328.15,328.7351829192282,328.94129469957437
328.15,328.63030929615314,328.92836876460524
328.15,328.69575027134886,329.0074411937528
328.15,328.5822161618724,328.9185278466904
328.15,328.65383566166645,329.027068127686
328.15,328.555653142543,328.85736545986947
328.15,328.75229423984143,328.93876904107816
328.15,328.4608670124631,329.00152864097913
328.15,328.7012629106516,328.93287982865735
328.15,328.75087494046807,329.02528622024556
328.15,328.79151457100903,329.03694830465037
328.15,328.72160171032715,328.9261515862906
328.15,328.6094944239153,328.9898325509276
328.15,328.48897074628786,328.67288804561736
328.15,328.62777246463065,328.7443613848268
328.15,328.5304618753539,328.88481972808796
328.15,328.5740657705173,328.986570610368
328.15,328.5717506095969,328.8963328188814
328.15,328.5632332280877,328.8286270760276
328.15,328.55203236414206,329.12247438875534
328.15,328.6249130975957,328.9049296452834
328.15,328.7314090705545,329.06865078768783
328.15,328.6318343170546,328.88104708568073
328.15,328.5102889361929,328.8259029427061
328.15,328.667600576921,328.99649636654743
328.15,328.65411332024877,328.93722319126226
328.15,328.60331872410194,328.9836373152238
328.15,328.6256517689669,328.6243651573255
328.15,328.5984985377994,328.7831352938164
328.15,328.633326401494,328.9104741335157
328.15,328.67494909887944,328.8440054257502
328.15,328.5226587991082,328.94631820330375
328.15,328.4386141568887,328.69356603455486
328.15,328.6052569806617,328.79223488143407
328.15,328.70052775074333,328.9945993076682
328.15,328.6162332314403,328.78801591853227
328.15,328.59103266688487,328.737220378943
328.15,328.6651083640403,328.77968077424475
328.15,328.7722859945217,328.808136852615
328.15,328.6022622454038,328.771965125938
328.15,328.5162155545583,328.5849594056193
328.15,328.61333208286203,328.865471362699
328.15,328.49909058156794,328.7733868360027
328.15,328.56620331430224,328.79508192523923
328.15,328.6247039295146,328.61182181048065
328.15,328.61032484157613,328.8661582182323
328.15,328.6558370261623,328.9231424052724
328.15,328.59289638566395,328.7958358033355
328.15,328.4772604839072,329.0626722046051
328.15,328.4713254768556,328.8942169534185
328.15,328.5265763866612,328.7555736297843
328.15,328.4559333649026,328.4663894619556
328.15,328.5894047723622,328.7789679973695
328.15,328.6653405901403,328.8511502588992
328.15,328.81356086136014,328.7345113574932
328.15,328.4805019080931,328.86452586556413
328.15,328.5686097360904,328.81582068854163
328.15,328.6131928714907,328.846507302459
328.15,328.4982205126902,328.74538730128165
328.15,328.56396586984016,328.6739892139163
328.15,328.4118427724369,328.7934079931669
328.15,328.3118992826783,328.71580247083574
328.15,328.7803204380587,328.78317962346
328.15,328.6774372247099,328.7040196388486
328.15,328.4948558913861,328.64556988442706
328.15,328.4424529825117,328.89112501874024
328.15,328.6043203359342,328.7796206264134
328.15,328.46771409335787,328.83803655287267
328.15,328.34564831276464,328.8615110619016
328.15,328.6166490939805,328.69714514522525
328.15,328.5371907698534,328.6750871093256
328.15,328.5457789244783,328.6324419895737
328.15,328.5109294332137,328.9368315336146
328.15,328.59030436641103,328.77463125829854
328.15,328.5054440198544,328.8963224254801
328.15,328.397303463131,328.63902812869304
328.15,328.4104330423319,328.78074336304167
328.15,328.53702808196186,328.85514360988896
328.15,328.48395910014676,328.7409832172971
328.15,328.3628617564281,328.56954128801476
328.15,328.412131962112,328.68692672822857
328.15,328.3735649303013,328.572989478101
328.15,328.4021799074794,328.50610277476954
328.15,328.36458854734735,328.58639090635296
328.15,328.49865460169605,328.7132176699232
328.15,328.44340079475626,328.7863198218374
328.15,328.4554418418354,328.60312057649105
328.15,328.4572606525371,328.5731823110372
328.15,328.4157584635641,328.4590288693026
328.15,328.400197289349,328.71843592494315
328.15,328.4550951091995,328.68752241561583
328.15,328.5237895400044,328.44949783646126
328.15,328.59055151130394,328.8247834786445
328.15,328.28334141889,328.89981109043646
328.15,328.6282805241942,328.76681773161033
328.15,328.50289774400125,328.63819262468854
328.15,328.40471148476666,328.71026187735765
328.15,328.34582136463337,328.54361589472734
328.15,328.38869169475794,328.4864488429746
328.15,328.29595035310916,328.6917345040442
328.15,328.3400996187721,328.53661879226297
328.15,328.3558556942413,328.5616061117243
328.15,328.2418329253153,328.63679590038
328.15,328.3707531531277,328.7149610759508
328.15,328.29469469137393,328.63336435446814
328.15,328.39176325680654,328.5339048803693
328.15,328.412605520112,328.47496261078254
328.15,328.3631826484,328.5828975705918
328.15,328.4445045271668,328.51331191924527
328.15,328.66286669287877,328.6505627573974
328.15,328.39308100320596,328.4840186762106
328.15,328.26875741118846,328.6037116018
328.15,328.31563510825725,328.4868302366327
328.15,328.2902845609758,328.616731975559
328.15,328.37824344798565,328.5644501685125
328.15,328.4337922822832,328.572446891187
328.15,328.6472795407421,328.5581137782185
328.15,328.50810894610066,328.6225856756669
328.15,328.54018556586317,328.640027124408
328.15,328.5558510378086,328.4012115099588
328.15,328.48981027530454,328.5067760554245
328.15,328.47969188376425,328.5935681034171
328.15,328.2686772909755,328.5863324588551
328.15,328.3270160876683,328.6099870615662
328.15,328.3430618339444,328.39748157603873
328.15,328.44191634986225,328.468740489011
328.15,328.3912821278122,328.5724350567479
328.15,328.516114171078,328.6308814712801
328.15,328.23089925291066,328.40497051013193
328.15,328.30762893790154,328.5332485582114
328.15,328.38963035925366,328.57352810723404
328.15,328.50826342635474,328.57179470277725
328.15,328.2571835864051,328.45656495399083
328.15,328.37406172394515,328.427646863005
328.15,328.4482545583352,328.50253018935405
328.15,328.46363943876355,328.4443526216768
328.15,328.4124275726904,328.485165094486
328.15,328.228522098413,328.35066280028644
328.15,328.2534095327273,328.4419263617763
328.15,328.48647386118864,328.39917155100323
328.15,328.2650253929004,328.7245309809437
328.15,328.3157235484583,328.6509965835579
328.15,328.3424213186872,328.63139367944063
328.15,328.3361763828174,328.7443825678857
328.15,328.44844183831987,328.6330043018672
328.15,328.42211925401625,328.51869079725753
328.15,328.3476135982953,328.5615542929149
328.15,328.15636657758733,328.58030703233203
328.15,328.326149740196,328.4126360399293
328.15,328.4312306349284,328.6562143693226
328.15,328.46086190556764,328.39456368872743
328.15,328.21515983678836,328.62340517121936
328.15,328.3926116274961,328.4415456308042
328.15,328.2898722984339,328.3726805871628
328.15,328.39142029843566,328.4608119472401
328.15,328.38835508297626,328.3103785465516
328.15,328.3524268330475,328.4766520942037
328.15,328.4001403446391,328.43405310127594
328.15,328.45431842078006,328.3281019772426
328.15,328.48670467624277,328.3836360968068
328.15,328.25828036105963,328.5111446951619
328.15,328.29440503417453,328.3556645508374
328.15,328.35548712820224,328.37634661195085
328.15,328.5036029641832,328.39207426349986
328.15,328.3382267248112,328.5396879593984
328.15,328.3914674492389,328.4909871220547
328.15,328.377130112726,328.48720177234566
328.15,328.30996768718586,328.74526352525635
328.15,328.3529840342582,328.504060149889
328.15,328.3350973802583,328.45043876545526
328.15,328.4490453735789,328.456858403585
328.15,328.532430512489,328.5816137348435
328.15,328.3912699536399,328.395358473187
328.15,328.26726180879433,328.6235089679259
328.15,328.4711532196988,328.47571113464363
328.15,328.26437657426504,328.4764178992214
328.15,328.13692770234195,328.46167174434646
328.15,328.2592294171164,328.57329126782616
328.15,328.21585927336207,328.4154199667197
328.15,328.2459458961381,328.6162319948768
328.15,328.34089376841035,328.6174299914159
328.15,328.3390865474911,328.7210582971859
328.15,328.2912996455439,328.57163843024296
328.15,328.2285439530784,328.46519647914516
328.15,328.24406505973025,328.41571587466325
328.15,328.20594504409337,328.4601628329877
328.15,328.441412906629,328.48031455142365
328.15,328.3201429449179,328.2993775660644
328.15,328.33999991497546,328.3213390433187
328.15,328.44273210258194,328.49577048397816
328.15,328.0177983712055,328.4831104950284
328.15,328.3215369538773,328.38799823589153
328.15,328.3632070374997,328.33628125581623
328.15,328.29997844640036,328.3445881839953
328.15,328.3664921636435,328.407871296665
328.15,328.27809669355054,328.47161241835926
328.15,328.2935754426614,328.4910021489323
328.15,328.310769072512,328.4382973246289
328.15,328.2408987302319,328.3392036622305
328.15,328.4326831333687,328.31789174524096
328.15,328.26126967890747,328.4649790609649
328.15,328.23538620403934,328.32313390220764
328.15,328.333007113862,328.2983469560429
328.15,328.27557389213075,328.15770013318496
328.15,328.24085512379713,328.4286141098209
328.15,328.06793861068684,328.3738606875219
328.15,328.20962888079436,328.346674111132
328.15,328.2712802901967,328.2438184876432
328.15,328.21834709115626,328.3666599864975
328.15,328.34491017658036,328.49182389666595
328.15,328.29636930160103,328.36798134455563
328.15,328.1560639985465,328.3762512946571
328.15,328.3027100133575,328.46161656402097
328.15,328.29854084093296,328.4764624480123
328.15,328.35882881179896,328.381005552236
328.15,328.2940410637454,328.41431848207463
328.15,328.14219776358243,328.3170645630034
328.15,328.26290630743443,328.3315630550515
328.15,328.2946058961393,328.3848684651074
328.15,328.38073112070737,328.2755178977523
328.15,328.2332036031835,328.3776465597783
328.15,328.3810889986769,328.3502094993225
328.15,328.28434462980744,328.2411833960961
328.15,328.3827123273606,328.36815190170705
328.15,328.3173642830845,328.2495743091435
328.15,328.30209247768846,328.4600944478496
328.15,328.25460309768175,328.24267612137055
328.15,328.23885679813327,328.3010292831064
328.15,328.29092183254426,328.1820788551959
328.15,328.0770941982341,328.42469946056104
328.15,328.44813537533605,328.3934138697163
328.15,328.29254337649246,328.23902237355804
328.15,328.1452261874716,328.50564991659337
328.15,328.2667193602653,328.1381939657239
328.15,328.3221875813233,328.35009165855934
328.15,328.1824057179514,328.3271005977325
328.15,328.3153435925389,328.3989954358839
328.15,328.324600670195,328.43354173590564
328.15,328.18487621928875,328.4199936131902
328.15,328.379357475978,328.5636340758712
328.15,328.4004745056989,328.4663660057259
328.15,328.2156656571779,328.3584522534345
328.15,328.1852942394856,328.33580097796494
328.15,328.27197219287706,328.3920450471304
328.15,328.1689864044968,328.3284819371819
328.15,328.16856427290816,328.4010551156107
328.15,328.1684391066844,328.29243573709823
328.15,328.1778592977788,328.2933814083435
328.15,328.2138476268832,328.3845969425841
328.15,328.3007713320582,328.32902446606926
328.15,328.159254744466,328.31463880931193
328.15,328.3750210431687,328.1792774387766
328.15,328.17044432304544,328.22164834114517
328.15,328.2695380718652,328.4201444291927
328.15,328.2588966941073,328.3766519258441
328.15,328.22970425914906,328.2720772130653
328.15,328.4610169301867,328.36120237956567
328.15,328.1769211693492,328.4055592649809
328.15,328.2593534336717,328.1895198953436
328.15,328.2079641832763,328.4515681390176
328.15,328.2866076323116,328.34727897039613
328.15,328.19453317221235,328.3920838999692
328.15,328.13610470259283,328.3175734260776
328.15,328.3899497074773,328.45521766745344
328.15,328.22103246525677,328.40714772198675
328.15,328.299686321012,328.2838336238222
328.15,328.09749214365604,328.2047817052822
328.15,328.2049918353889,328.3949442964458
328.15,328.36147107201447,328.3371833148204
328.15,328.2968714027874,328.364493909235
328.15,328.3414239434121,328.32718366408096
328.15,328.2010960845042,328.33961160484296
328.15,328.09035747389294,328.25029468840813
328.15,328.20615895779576,328.4050820125837
328.15,328.3298905319474,328.45718482806456
328.15,328.3085839777563,328.38358182466106
328.15,328.2342701405794,328.26371685362585
328.15,328.32345131055683,328.53340855066244
328.15,328.27412557212335,328.39887711941356
328.15,328.433223424324,328.3867422936613
328.15,328.096121680515,328.3966430835541
328.15,328.3358750644863,328.3258641280544
328.15,328.16108298537154,328.4139164660013
328.15,328.24549933885936,328.2935874581292
328.15,328.32995329977797,328.2481002380856
328.15,328.2373139747585,328.2131411933507
328.15,328.2809688647226,328.1536418674709
328.15,328.3137064501715,328.05426224199283
328.15,328.25930232158044,328.39540995971026
328.15,328.3188996236644,328.3438089315356
328.15,328.1462210787873,328.27102403424095
328.15,328.17754452661615,328.2128768373255
328.15,328.2256153059065,328.22480575670204
328.15,328.2161610683502,328.29142365772316
328.15,328.1907554005153,328.17572436905647
328.15,328.1551748714254,328.2377768911494
328.15,328.0222996805489,328.2795463591208
328.15,328.179059965833,328.40217906650935
328.15,328.299544003715,328.19755589484305
328.15,328.36817280512975,328.30832183595265
328.15,328.1549360070065,328.4085463170514
328.15,328.06225163731887,328.2296025299742
328.15,328.07683421288857,328.26150531195714
328.15,328.3549672959403,328.35761539076725
328.15,328.34678613963314,328.1992590966893
328.15,328.218004271383,328.3562748638794
328.15,328.1168213346352,328.21642402757215
328.15,328.32634501057686,328.2340422605827
328.15,328.2598062978066,328.19453571905126
328.15,328.2628124758523,328.43050737636884
328.15,328.269555094275,328.3271400309796
328.15,328.4618244387797,328.4166255969018
328.15,328.19930474415565,328.3033835771688
328.15,328.320915199333,328.2283687286914
328.15,328.2198847193063,328.404422684112
328.15,328.3305776888567,328.19248540789783
328.15,328.23648768597405,328.28676335839054
328.15,328.27626324173957,328.3903356645263
328.15,328.3824656658212,328.3018179958269
328.15,328.30707086888447,328.2101981990379
328.15,328.279315345383,328.2458991832541
328.15,328.44388383322405,328.54374244602093
328.15,328.18280648928675,328.3164670812251
328.15,328.30333226642296,328.1599747855559
328.15,328.2357853794826,328.36251159871324
328.15,328.30524280750024,328.19318411380596
328.15,328.14144055196664,328.3528825131156
328.15,328.196960504539,328.16734383343305
328.15,328.26050449748334,328.28582912586114
328.15,328.3363322751564,328.2614497523996
328.15,328.3912275147169,328.1115364660199
328.15,328.10053582068025,328.33969341924177
328.15,328.0415655958985,328.2750098128108
328.15,328.12890126678536,328.35670795817987
328.15,328.23518494749544,328.2626735846147
328.15,328.2525035382478,328.32776211385203
328.15,328.1870313103959,328.2434081726006
328.15,328.2410378156522,328.30028740800896
328.15,328.27537739522296,328.2208522476191
328.15,328.0418114184021,328.3334958439976
328.15,328.33636995236293,328.0890397918769
328.15,328.13018039101263,328.07768755981886
328.15,328.29629250646803,328.38087446616424
328.15,328.21946024386284,328.0357396537458
328.15,328.16458960529906,328.14070141766194
328.15,328.0293737999232,328.5309676154502
328.15,328.1026216676071,328.0920937468014
328.15,328.1174263024341,328.42437012836444
328.15,328.10141243266344,328.3428192506203
328.15,328.2028959541933,328.5101739064402
328.15,328.0779687935228,328.161428048594
328.15,328.25044615246946,328.2724152686074
328.15,328.25202984848784,328.26768981655476
328.15,328.13702269921725,328.23314209685384
328.15,328.32594644997806,328.1873637599786
328.15,328.00100644957996,328.31937131298207
328.15,328.2211281967307,328.3310085259672
328.15,328.14761121672944,328.1901268177955
328.15,328.2331650885834,328.1871485353651
