308.15,C1,C2
308.15,296.15,296.15
308.15,296.2866053919472,296.2123110648162
308.15,296.14915619087077,296.08542525675847
308.15,296.19393891274586,296.23771741603736
308.15,296.32398416364714,296.31121067853127
308.15,296.2867407726565,296.3139716618512
308.15,296.4183000332353,296.28071934122636
308.15,296.5121766637204,296.4849508131114
308.15,296.8001038150466,296.61186472439715
308.15,296.83726050090917,296.7091010992365
308.15,297.13385414615595,296.9329609030701
308.15,297.0989614073425,296.82004919909554
308.15,297.3358626616621,297.1360681888733
308.15,297.63701948977973,297.34689727967617
308.15,297.74876266305523,297.19334463769343
308.15,297.87155173869377,297.6293162787496
308.15,298.2942142825284,297.60890681858393
308.15,298.41776791384217,298.0235564119301
308.15,298.79792905116335,298.10838598798125
308.15,298.9358147035011,298.234425777381
308.15,299.16812973398976,298.5566582837202
308.15,299.6289545635691,298.64478509849135
308.15,299.5673667285824,298.9412469212718
308.15,299.98995175477285,298.9683553574155
308.15,300.2494738784215,299.2269990445327
308.15,300.42775197418865,299.61464123908473
308.15,300.7899766808624,299.9520057284927
308.15,301.15806168838776,300.2569557565025
308.15,301.3172212989746,300.235370563988
308.15,301.817369806257,300.4192002669876
308.15,302.232146159692,300.8334386322809
308.15,302.5387812345675,300.98276170993023
308.15,302.9316244545241,301.21610413419177
308.15,303.0799764759775,301.5618213860601
308.15,303.37629926779755,301.7805258197025
308.15,303.7245425873533,302.17433911070805
308.15,303.96222544332903,302.3382028373447
308.15,304.2223372842122,302.5117962691665
308.15,304.35120108737266,302.76237747210126
308.15,304.81593405923604,302.9700879443784
308.15,305.0270637804672,303.23224262910367
308.15,305.3346382944481,303.59780820329445
308.15,305.5937169478732,303.73286624652576
308.15,305.88746074935005,304.0647096439246
308.15,305.9718141398597,304.2277087137571
308.15,306.2234751992428,304.4611839515058
308.15,306.5997816859235,304.5057467934603
308.15,306.747888443439,304.84658986846557
308.15,307.1687547131324,305.0529983029156
308.15,307.32878172722377,305.3668899918853
308.15,307.4848035545492,305.6210197856769
308.15,307.4384528659093,305.6638144062586
308.15,307.90571609253635,306.1656815953811
308.15,308.1710448975792,306.196626550794
308.15,308.29416950256933,306.38216402199555
308.15,308.40890789946206,306.6857275224151
308.15,308.5824511412367,306.87616265731657
308.15,308.8449084927566,306.85699915987374
308.15,309.0399061090452,307.12334378153264
308.15,309.2045880364149,307.28486747553916
308.15,309.17916409611774,307.3841821752634
308.15,309.3562242836125,307.82212008428
308.15,309.5703048280027,307.91172227305253
308.15,309.7002491690563,307.88898583390346
308.15,309.6016721423659,308.2327227070965
308.15,309.8125528603612,308.46252539956805
308.15,310.01356654405066,308.46866857087537
308.15,310.0816674596939,308.65551383834287
308.15,310.0711473570249,308.7790429411059
308.15,310.3063073656055,308.8817650087233
308.15,310.4698363732496,308.6925590507065
308.15,310.5307551342689,308.97405451137286
308.15,310.39688834273176,309.0052924293269
308.15,310.71497358665295,309.2925646024634
308.15,310.2982862958119,309.33930980208817
308.15,310.4666859915266,309.26853356718766
308.15,310.690414428225,309.32534055992204
308.15,310.4878424104214,309.3948271371135
308.15,310.66420487301747,309.8107850819922
308.15,310.7116535061423,309.7267937813359
308.15,310.5975414399079,309.82247100648
308.15,310.58847457161215,309.9265923964169
308.15,310.78400746538097,309.91571500698234
308.15,310.93206705609487,309.7359753619884
308.15,310.6919775229921,309.8511372785724
308.15,310.71209579922976,310.0057312688928
308.15,310.5544092451639,309.9367168933557
308.15,310.60491322998007,310.1050291942133
308.15,310.79080270258567,310.0411561487857
308.15,310.7819226876046,310.1622823522586
308.15,310.58767338020283,310.20153912166325
308.15,310.6214983085844,310.1007991144216
308.15,310.7414739131959,310.2006629481883
308.15,310.56733840303474,310.22019249564664
308.15,310.54356360761926,310.04679314902125
308.15,310.51251149085505,310.23288362471476
308.15,310.5105700006616,310.2222157519413
308.15,310.65561072097944,310.1620597687112
308.15,310.2808065962733,310.3487344673915
308.15,310.5721316403426,310.2423368824928
308.15,310.319923294839,310.24732699462754
308.15,310.29028115616273,310.1107015853649
308.15,310.30516007187003,310.14553647592385
308.15,310.3994842582427,310.0365928443797
308.15,310.382846417897,310.05152470663074
308.15,310.281328084547,310.0038385185658
308.15,310.2886338972771,310.0382506211789
308.15,310.0830086282219,310.19714610383693
308.15,310.09747431392424,310.0741589022476
308.15,310.056317972248,310.02418143979787
308.15,310.038253050454,310.0568507906012
308.15,309.94765311246897,309.94231946039923
308.15,309.7740625358998,310.0038253713611
308.15,309.83922158851124,309.83928539496225
308.15,309.91503502760844,309.84093626232436
308.15,309.96192017187224,309.7488456023549
308.15,309.70401898449876,309.69359271199806
308.15,309.70096284152527,309.75602598808064
308.15,309.61845213287734,309.6961312485009
308.15,309.62148480460485,309.739774866023
308.15,309.73626216060507,309.77925950493733
308.15,309.6499784508623,309.61661235275295
308.15,309.5425632378631,309.75167986076417
308.15,309.2816867467209,309.4736999857427
308.15,309.2841171053252,309.40546768072926
308.15,309.246346503436,309.5316279828124
308.15,309.26421648838067,309.4099022561953
308.15,309.1980697714316,309.5925621253356
308.15,309.21669354239594,309.4441237212602
308.15,309.20563757675774,309.44451604515666
308.15,309.0220736499629,309.3889553914695
308.15,308.9560783778387,309.2674801575113
308.15,308.87792013840516,309.1471309288169
308.15,308.852424943013,309.1503309646851
308.15,308.60071489406533,309.0327209801122
308.15,308.9125427181727,309.1537598981041
308.15,308.6988943606216,309.045790118221
308.15,308.61908853085896,308.9947120595667
308.15,308.66942654369984,309.0603590994523
308.15,308.52851002129586,309.10658500988916
308.15,308.57655103133436,308.8953816018422
308.15,308.6062472859369,308.9405564504326
308.15,308.44952490356667,308.8616359078964
308.15,308.6470392582944,308.9348159291961
308.15,308.2843613601122,308.75020671451733
308.15,308.3353403925727,308.85481981724274
308.15,308.25839825441614,308.8523497548233
308.15,308.3656258306385,308.8414408401648
308.15,308.24635241071417,308.8038690271013
308.15,308.1244726940684,308.6500078773198
308.15,308.4122464242039,308.62692647301105
308.15,308.3692291437742,308.6350432589135
308.15,308.18514671577054,308.6948854415037
308.15,308.1618873442351,308.67626723651244
308.15,307.9371392222706,308.5495116138847
308.15,308.1830735626654,308.54520207684055
308.15,308.09793398993503,308.5327964029212
308.15,308.0870123774323,308.4127761751522
308.15,307.9917428554864,308.4705200425999
308.15,308.1768404708546,308.3380081662313
308.15,308.0686579664197,308.4887201545698
308.15,308.05551433207023,308.34692539974657
308.15,307.94618919312757,308.3283436636168
308.15,308.02840698974865,308.4138696058191
308.15,307.9756020799203,308.1881679952434
308.15,308.12972712714804,308.3566833663044
308.15,307.89533562453465,308.406896041104
308.15,308.1336637640875,308.18214157045014
308.15,307.8752770542949,308.10448449697935
308.15,307.88503973399037,308.2278492441604
308.15,307.89503699792715,308.2674904311374
308.15,307.85418512970415,308.29928221764175
308.15,307.8365543748985,308.1222920133187
308.15,308.0561687350583,308.173140583061
308.15,307.86079232615117,308.11434021636444
308.15,307.92053940933346,308.1023186203202
308.15,307.90553070572946,308.0997129687108
308.15,307.9449407146692,308.1100497996705
308.15,308.07816333236735,307.99348426180114
308.15,308.01409893970106,308.1208164643397
308.15,307.89381959754456,308.10248227712395
308.15,307.80165340829154,308.1702370397906
308.15,307.9383570405109,308.13359390613084
308.15,307.96886605789314,308.21370057724033
308.15,307.7949599145008,308.1743981708991
308.15,308.0822113558784,308.16624977299955
308.15,307.7664346295916,308.10652450393013
308.15,307.8901079761088,308.00613444446503
308.15,307.9489268393896,308.20922444493175
308.15,307.90114019683926,308.00174548429635
308.15,308.022207765136,308.1504569015807
308.15,308.0432500878088,308.1989706567603
308.15,308.112194932792,308.20579983608275
308.15,308.04042847306584,308.1681131445397
308.15,308.0789608244051,308.1315359503208
308.15,307.9873006999643,308.0285097141471
308.15,308.0942314339986,308.1500954161614
308.15,307.8820866950231,308.1660733623309
308.15,307.92859939392304,308.0670798936402
308.15,308.2427913634621,308.16664917569665
308.15,307.9585439837931,308.0704079150124
308.15,307.978817725561,308.1549620815356
308.15,308.08769839368097,308.1182106248115
308.15,308.02846152933955,308.0619660428088
308.15,307.9786515004296,308.1543037380909
308.15,308.0101675923746,307.92883447902096
308.15,307.9290360310986,308.10635938667
308.15,308.03620494076984,308.0048122990869
308.15,308.037980173409,308.1928366985868
308.15,307.95596473703483,308.0097263968212
308.15,308.1400760882858,308.16574612764873
308.15,308.09708111415614,308.1143378800452
308.15,308.0831463002254,308.1983746524376
308.15,308.2074996147949,308.00071525333624
308.15,308.10571997860035,308.0926901080074
308.15,308.1170968062066,308.436910459749
308.15,308.0911889327453,308.16127541988504
308.15,308.2215156430501,308.18761814470287
308.15,308.21665583212797,308.23362503775235
308.15,308.2167411286841,308.3619804246468
308.15,308.1741305967526,308.0795037418005
308.15,308.18555466822545,308.07078058022483
308.15,308.23312766432844,308.05446586714675
308.15,308.17768930266743,308.1693432179648
308.15,308.2247959743722,308.2923910481904
308.15,308.1701967402097,308.14184273261395
308.15,308.1272845179289,308.31415107391837
308.15,308.1807976930608,308.1539662608697
308.15,308.14334867384287,308.2541181600833
308.15,308.37179215992586,308.3510978823083
308.15,308.1903376783354,308.26192197238134
308.15,308.4654050084721,308.2905554858061
308.15,308.3367701155866,308.2796009157386
308.15,308.2648815229331,308.11676371312944
308.15,308.1743400775747,308.3040559936972
308.15,308.307078022135,308.27061993163454
308.15,308.19542197764395,308.0649621968288
308.15,308.318416174706,308.08116039557194
308.15,308.2333830102284,308.3303185431171
308.15,308.39140654461966,308.35041575725404
308.15,308.1527211676672,308.29558887083857
308.15,308.2977128385651,308.4325854840517
308.15,308.2042335771074,308.2497471828991
308.15,308.2842500615565,308.3437518741543
308.15,308.17135607435193,308.42499275905084
308.15,308.3994237526688,308.22263119075046
308.15,308.21275055496034,308.3924232995743
308.15,308.24543833386247,308.4776923533255
308.15,308.1550509012323,308.33519764156176
308.15,308.35405454170956,308.3728039545561
308.15,308.09796883579355,308.2728560900416
308.15,308.2068270249992,308.44764886533284
308.15,308.24799751715494,308.4017522218976
308.15,308.15702387163043,308.3449002882842
308.15,308.2630227558505,308.3397970752491
308.15,308.22103060701556,308.35021970026787
308.15,308.19908338095604,308.3628882037704
308.15,308.2663589654884,308.3494519182622
308.15,308.2057183095888,308.2874397435783
308.15,308.1797213202105,308.4117558184112
308.15,308.25269454377604,308.17458250655096
308.15,308.105270801834,308.3745649778684
308.15,308.3636728740777,308.4029890600556
308.15,308.22582700690674,308.4265448369978
308.15,308.1773166826359,308.19717172466665
308.15,308.08241618734047,308.2269866391686
308.15,308.1541945736357,308.2105671050844
308.15,308.3060621442217,308.271232486377
308.15,308.114157327506,308.26135712884127
308.15,308.32552822299584,308.3103383563285
308.15,308.2848083888849,308.3131271808153
308.15,308.0828798446987,308.3834857170443
308.15,308.3937068223563,308.2673132860597
308.15,308.1474485727775,308.38560261605244
308.15,308.26345317993685,308.4589192922612
308.15,308.2676721181146,308.39232802678856
308.15,308.18155375974516,308.3763378252782
308.15,308.3761769110895,308.2955383319473
308.15,307.9713270571353,308.3049364589333
308.15,308.21558457172625,308.1271534438709
308.15,308.2392067216143,308.437305177405
308.15,308.3894718939005,308.2480079240828
308.15,308.29943786300726,308.28244129279915
308.15,308.1451255242739,308.2357262304943
308.15,308.32643444985627,308.2115582395075
308.15,308.31983826859795,308.30436244068915
308.15,308.2223919567079,308.38898815249365
308.15,308.15029832579944,308.5589174282776
308.15,308.25863229491836,308.37954615824907
308.15,308.11292160585157,308.11023412838364
308.15,308.18411805026733,308.3216328419107
308.15,308.1902139738859,308.3289286693377
308.15,308.10307625894006,308.44256450857927
308.15,308.2142797454929,308.1833574199923
308.15,308.24008032766557,308.3881705977836
308.15,308.2497097138206,308.2940363255542
308.15,308.20799313831225,308.3616942020039
308.15,308.347035202555,308.2250045710785
308.15,308.1997193780278,308.36078238594763
308.15,308.2311039375619,308.36544993464054
308.15,308.03000606991594,308.3906134930838
308.15,308.22410190117193,308.3725659998614
308.15,308.2755628067288,308.1723987362564
308.15,308.17493401647965,308.35157999233047
308.15,308.35069607825335,308.3191331345446
308.15,308.25322272043974,308.38117301761406
308.15,308.0926730888852,308.30934802324805
308.15,308.251132184759,308.1772378090655
308.15,308.22996054927484,308.3576174408287
308.15,308.28284510833896,308.2314019286531
308.15,308.04472081045196,308.21971473612325
308.15,308.22311597291804,308.1723680387144
308.15,308.14154251187534,308.3991457809866
308.15,308.14798587904335,308.19013489298715
308.15,308.24124557224843,308.21873701118113
308.15,308.2568566426492,308.3362043366995
308.15,308.26596522702584,308.2635575241112
308.15,308.29926085165613,308.3538351525081
308.15,308.0218407265437,308.12047584664003
308.15,308.1445674609356,308.18508978037187
308.15,307.96281226621437,308.1649901199579
308.15,308.1443170852275,308.30137803821043
308.15,308.0584044036431,308.21521639137734
308.15,308.3584278479424,308.155290213105
308.15,308.18198221343346,308.2927848333905
308.15,308.2163736029123,308.2986152948515
308.15,308.2683368262254,308.16300344506396
308.15,308.25713331297743,308.3616493652935
308.15,308.1266879660414,308.2023920685899
308.15,308.2398071427886,308.3188034996995
308.15,308.15451045323874,308.3498635574563
308.15,308.2767358349961,308.0885720681069
308.15,308.28252707586716,308.2378451784934
308.15,308.1515019402709,308.2003557588074
308.15,308.18492004712857,308.31843380874136
308.15,308.2788968617341,308.3003180909916
308.15,308.17822448536606,308.37104523698247
308.15,308.12320973604903,308.135025521261
308.15,308.17280774688396,308.18596135441015
308.15,308.3245387193845,308.3719104674377
308.15,308.139115121612,308.1833054450731
308.15,308.1022808629914,308.1645211702314
308.15,308.20071013888,308.10082826844297
308.15,308.18021748437206,308.21745028657347
308.15,308.1225134544869,308.3106611993523
308.15,308.2537332913269,308.3655147350252
308.15,308.1802170219283,308.0570809167552
308.15,307.99966285635645,308.07280559717964
308.15,308.1586325678399,308.16601139800656
308.15,308.33849259248467,308.0303493100373
308.15,308.3272924402975,308.24893829393204
308.15,308.32225895455656,308.1414047739364
308.15,308.0470811460242,308.12853520658155
308.15,308.2650964407524,308.3750095609469
308.15,308.0242868740433,308.1552785227109
308.15,308.0818649836622,308.1242301998413
308.15,307.940209061446,308.31184090862075
308.15,308.17170212749255,308.141209805269
308.15,308.2375330171661,307.9432510112856
308.15,308.3005553267947,308.36935235700423
308.15,308.40844669531293,308.26677101533545
308.15,308.2495528025937,308.2276871021024
308.15,308.16234198313276,308.1665552347034
308.15,307.992214931095,308.2040456643323
308.15,308.034121081615,308.1012519980499
308.15,308.30038711565254,308.2791466211647
308.15,308.1960875344735,308.15708458693376
308.15,308.07497202985695,308.27647010535196
308.15,308.1011224162877,308.2792689911897
308.15,308.06911131917724,308.3773493118958
308.15,308.1240095092374,308.188892658519
308.15,308.1500289363886,308.09503539218935
308.15,308.19649002352776,308.3138269330103
308.15,308.1503498857801,308.23900218662794
308.15,308.16951378630137,308.0959294327554
308.15,308.1861848974101,308.2035951410778
308.15,308.1928706598391,308.36698187611444
308.15,308.2750654318368,308.37675776786085
308.15,308.1866159852841,308.3161792563178
308.15,308.20273144095773,308.24434110096576
308.15,308.1680978904306,308.20552530770726
308.15,308.2062479471954,308.1799234434968
308.15,308.2166015926447,308.06031358367596
308.15,308.1748151271269,308.1117079515926
308.15,308.2340352967329,308.298820059362
308.15,308.13253882537396,308.379988967991
308.15,308.0674787416973,308.232384744147
308.15,308.1411646514638,308.2556893831682
308.15,308.02425849937015,308.2798891996343
308.15,308.0762511093831,308.342865130166
308.15,308.1572682394689,308.3001001828261
308.15,308.1311999543463,308.30764512995677
308.15,308.07850992687935,308.12535808105383
308.15,308.10319333251346,308.18472223776985
308.15,308.2547947941314,308.08425413521985
308.15,308.13674882916627,308.08840040373553
308.15,307.9010598344698,308.04635350986393
308.15,308.382350644,308.267156765511
308.15,308.1271601058098,308.2848292010885
308.15,308.17197438731705,308.30003043485124
308.15,308.2300862561969,308.0340610018226
308.15,308.19825587816115,308.249200446539
308.15,308.1480864524922,308.092259119877
308.15,308.09678847889165,308.0984475323192
308.15,308.1680060391564,308.128402173544
308.15,308.1282567005195,308.25859667561366
308.15,308.2407126053894,308.1414874844976
308.15,307.99089680695147,308.2064190138898
308.15,308.22666836195384,308.0828763046479
308.15,308.2481117441967,308.1792414316396
308.15,307.9602623575443,308.32316493610233
308.15,308.24457807185996,308.13391091849286
308.15,308.28831690026954,308.1951745990884
308.15,308.2461623406319,308.30466939801465
308.15,308.0583191804774,308.1853898629081
308.15,308.0303754578804,308.24261684012635
308.15,308.10608556153915,308.1844139210382
308.15,308.2934149165716,308.2538796957731
308.15,308.17454979918057,308.2854922446391
308.15,308.2200515943988,308.1198239876139
308.15,308.1926514349122,308.32509225234514
308.15,308.0550504198041,308.2877734940608
308.15,308.14250213082187,308.1712553881833
308.15,308.0080276786195,308.3397355420177
308.15,308.247962940536,308.2063620353833
308.15,307.9054735607033,308.2001161233123
308.15,308.0804393476003,308.2331009413598
308.15,308.006218968457,308.23880261449426
308.15,308.27812310947843,308.16675607897156
308.15,308.1542936441964,308.0681206051445
308.15,308.2724453008045,308.20588820693916
308.15,308.3112905150483,308.29315727640164
308.15,308.0638504121919,308.17212593797973
308.15,308.08343216154987,308.1326991101977
308.15,307.9748611066239,308.21341680646003
308.15,308.0950251703628,308.2282350332942
308.15,308.17331423048466,308.3534013452369
308.15,308.114973329392,308.16722049136365
308.15,308.1383404085151,308.159428782308
308.15,308.34737448616323,308.0893425350005
308.15,308.39951556357266,308.33677024030777
308.15,308.27925779267827,308.31308641482025
308.15,308.29708141469143,307.87353096395026
308.15,308.1677606007899,308.25600077723885
308.15,308.16017758258016,308.09777907727494
308.15,308.1729138393634,308.1411658920836
308.15,308.2251267004819,308.130315805384
308.15,308.04887378548403,307.9327754924915
308.15,308.14608133851726,308.104844448971
308.15,308.1205690949131,308.3093835252818
308.15,308.0630366594446,308.13230693570904
308.15,308.18732849661546,308.0243834443125
308.15,308.1938750963059,308.3926886903339
308.15,308.21807447194294,308.1710023631505
308.15,308.3858319754386,308.2193958533703
308.15,308.2174932963047,308.0987811471361
308.15,308.24832566584996,308.1825687890071
308.15,308.2226262077601,308.09576781998237
308.15,308.20743491511416,308.29057270328514
308.15,308.1173714184017,308.09700837335754
308.15,308.27972757894946,308.17625706283206
308.15,308.1180802703263,308.13182213701765
308.15,308.1685576158231,308.266201146988
308.15,308.14022052237283,308.219903468744
308.15,308.1055224490742,308.2034544397485
308.15,308.1894914867944,308.1104173615106
308.15,308.22947155456046,308.4773694548234
308.15,308.05132637562684,308.18512892424604
308.15,308.02920829749297,308.1291953849746
308.15,308.10769643857066,308.1452949889181
308.15,308.23126522125744,308.13242649383005
308.15,308.29539707481786,308.22541737594946
308.15,308.36852116764373,308.09212686595356
308.15,308.1073851148943,308.1921849113667
308.15,308.0172916888153,308.2611886817716
308.15,308.2393670076993,308.438335562718
308.15,308.23997103938774,308.3636780395362
308.15,308.25759692195584,307.98032744073646
308.15,308.10030085951956,308.18679614126575
308.15,308.30904471455955,308.318634195711
308.15,308.0106474286598,308.1681426979957
308.15,308.18373584375485,308.1873105679925
308.15,308.23983699145964,308.22921585457595
308.15,308.100673542999,308.1986667447892
308.15,308.09596420821447,308.34592476123
308.15,307.8623787324749,308.2770002174359
308.15,308.234859557058,308.2503803493916
308.15,308.14861139786416,308.1581234302359
308.15,308.1369238604593,308.24736106174686
308.15,308.3007426391315,308.1205444878988
308.15,308.2217227017887,308.2841487073206
308.15,308.20058692736484,308.13206744161795
308.15,308.2699062845888,308.1870395941196
308.15,308.15987634469855,308.1156973340907
308.15,308.13855149306704,308.1242729267953
308.15,308.03584205689504,308.26090546793193
308.15,308.1776639306624,308.17239753005146
308.15,308.17730645328527,308.2062484653547
308.15,308.26835876565946,308.08342527362214
308.15,308.1712716558599,308.096091882256
308.15,308.3423124468099,308.23831699083667
308.15,308.2879843219045,308.0986691197261
308.15,308.31285495606954,308.31168906072776
308.15,308.0267681182105,308.2870467449972
308.15,308.2735634251072,308.1749528196437
308.15,308.16622516158316,308.169679152572
308.15,308.2183018867499,308.2103121976983
308.15,308.12544102295897,308.148929782331
308.15,308.23163497856837,308.1381957487815
308.15,308.0519702092316,308.113977327322
308.15,308.10906069686,308.2187476975459
308.15,308.15110796315514,308.20079931982093
308.15,308.2955153982422,308.33858378958735
308.15,308.32159463299007,308.3514550257755
308.15,308.0026186044737,307.9629773750528
308.15,308.1057726678713,308.2570285238506
308.15,307.9824967839323,308.05401840599
308.15,308.2188439410587,308.0122094197133
308.15,308.1105842919431,308.14516040082464
308.15,308.19909843256096,308.1278659889414
308.15,308.159692941,308.4838654278778
308.15,308.18454394965244,308.2190016391605
308.15,308.1678300917535,308.35855893782576
308.15,308.24362735947517,308.20575519121263
308.15,308.155065598633,308.3377212662418
308.15,308.105683023221,308.3234671241132
308.15,308.0944655561613,308.32024952570316
308.15,308.2335719005174,308.22951335031337
308.15,308.2128634528746,308.27889277966625
308.15,308.0833098767799,308.15394025453963
308.15,308.19752357068563,308.17153009644085
308.15,308.32760961367586,307.96960192683747
308.15,308.3781836102189,308.22139782031894
308.15,308.1647565900743,308.3195072616516
308.15,308.09156445459314,308.10274916896645
308.15,308.2629526756925,308.1930384106888
308.15,307.97682071421707,308.2239916125802
308.15,308.1240076230759,308.1728842089377
308.15,308.0769012230618,308.1910351533568
308.15,308.3021239791629,308.13519997934014
308.15,308.0058531185439,308.198502840434
308.15,308.10898276261764,308.11838677311135
308.15,308.1177267631597,307.95497536057405
308.15,308.1175840587082,308.2080726548913
308.15,307.91852876477236,308.2215335909319
308.15,308.2177923550101,308.21708847245617
308.15,307.8912868869094,308.2457772365029
308.15,308.23749747772166,308.14584043318143
308.15,308.11085499333933,308.18825149544676
308.15,308.1392527580213,308.34717866112493
308.15,308.2947293181736,308.22173553199633
308.15,308.15713054013827,308.13091266660757
308.15,308.2375222350625,308.2022185278267
308.15,308.0573282102721,308.11401588793024
308.15,308.3261781187202,308.1715262260182
308.15,308.25107166419156,308.1838217420571
308.15,308.1137513854309,308.0214345670902
308.15,308.20972148593324,308.2062084748126
308.15,308.1539116001751,308.0267906445911
308.15,308.0464315040319,308.29646700054684
308.15,308.22214322107686,308.26313219104173
308.15,308.11039293522924,308.0790017472254
308.15,308.13054765386414,308.21612071978456
308.15,308.1932845893976,308.21995243519973
308.15,308.0915455389242,308.235520026367
308.15,308.1652541086181,308.21123094928265
308.15,308.2063444993497,308.0449278540335
308.15,308.1992730229257,308.145672812601
308.15,308.1211751540141,308.067414348787
308.15,308.1363398960916,308.2812776717344
308.15,308.2571602631269,308.31201102201595
308.15,308.1304017504521,308.1856504954234
308.15,308.2528084806491,307.92266333477727
308.15,308.05853206190216,308.1924900644158
308.15,308.1377902907431,308.1584873461763
308.15,308.2026750250867,308.14315502248274
308.15,307.9343500145445,307.9300962654075
308.15,308.17750618575303,308.22269293957413
308.15,308.00517511222563,308.06384531228736
308.15,308.3371224171635,308.2149668780984
308.15,308.09608575337955,308.0078146578186
308.15,308.1399824856098,308.2641934180587
308.15,308.16321653944385,308.1252890827061
308.15,308.077150914563,308.16083185786636
308.15,308.11913043534486,308.2414118000229
308.15,308.15345676547,308.1883994464939
308.15,308.1277628276943,308.08005639182477
308.15,308.3315106713175,308.11633431878244
308.15,308.10065685916055,308.20979115128495
308.15,308.00666823742057,308.20926148715523
308.15,307.9893673275786,308.1569865721713
308.15,308.17572948699745,308.0824074867673
308.15,308.1784132160212,308.38304679831714
308.15,308.1566447276276,308.05293360440345
308.15,308.23107923000737,308.2275533647694
308.15,308.0844532102996,308.1737179162312
308.15,308.0656864039845,308.0980138731244
308.15,308.1442370606196,308.3089055143849
308.15,308.1068946259178,308.1513157745182
308.15,308.13492139926,307.98391199060967
308.15,308.1746519308566,308.0283371134773
308.15,308.22300888050313,308.0558112510249
308.15,308.2121845972281,308.1755481438176
308.15,308.21769878188314,308.06864993386205
308.15,308.1798355760703,308.0998203099736
308.15,307.9802947187748,308.31095727535967
308.15,308.17349434709763,308.2115204291372
308.15,308.1637345887247,308.2113436627626
308.15,308.2047795131306,308.23373223104653
308.15,308.22895236834927,308.1521227094665
308.15,308.1787562092559,308.0251373812668
308.15,308.09933234624805,308.2033834287687
308.15,308.16496600119075,308.14192793380505
308.15,308.00771738241684,308.21737491897215
308.15,308.1137524185628,308.22492293248007
308.15,308.12464536262723,308.12105175302776
308.15,308.0731880948354,308.20242012211173
308.15,308.15145149807586,308.073480285261
308.15,307.9944409321909,308.08384109747584
308.15,308.22535469063007,308.14806561049545
308.15,308.1800088010982,308.1612088244558
308.15,308.03403885626386,308.23427832875706
308.15,308.14135265326934,308.04092399421097
308.15,308.1678890919038,308.13781548499156
308.15,308.2004964874312,308.1084017756701
308.15,308.180836110326,308.1408173455669
308.15,308.2262483267357,308.1499242275432
308.15,308.250681073876,308.04338503902557
308.15,308.2899079776514,308.2016982677133
308.15,308.1181791518113,308.15144219664285
308.15,308.2960752839565,307.99327015534493
308.15,308.1567081971348,308.1412509409808
308.15,308.10177771792513,308.21262719638815
308.15,308.1955125268977,308.139699319001
308.15,308.1889211303236,308.12943278605945
308.15,308.23890124311026,308.1246136589655
308.15,308.3104053114974,308.12704859584704
308.15,308.3055024735738,308.1519954055666
308.15,308.2322561783007,308.2797622807168
308.15,308.078202341126,308.12024708539707
308.15,308.02516234003565,308.21851233136687
308.15,308.04367528032,308.4635055883895
308.15,308.0874705361322,308.2906759358016
308.15,308.112200088651,308.123909347366
308.15,307.9900099954418,307.99394098285126
308.15,308.2471579884165,308.1796236134354
308.15,308.1670002860739,308.08846707972384
308.15,308.0773656984964,308.1318585849247
308.15,308.26106759668266,308.2673786073801
308.15,308.1795097209987,308.2357472843315
308.15,308.2098314896804,308.238242588918
308.15,308.07148625637836,308.1568170997672
308.15,307.93132996080743,308.0931362840647
308.15,308.04406315827123,308.123688721941
308.15,307.9978328561094,308.2961288666829
308.15,308.1171007333723,308.22038140013274
308.15,308.1458558854844,308.1420115869002
308.15,308.1620037134394,308.1105311903031
308.15,308.20570076652564,308.1539977034503
308.15,308.3023277313862,308.101182104873
308.15,308.18325566335557,308.2568627463099
308.15,308.1055808361396,307.8937856838195
308.15,308.1061495605273,308.29924669960536
308.15,308.4254406519125,308.4148350964129
308.15,308.20120085102656,308.42934334911837
308.15,308.29649677730305,308.17885757928764
308.15,307.94817647867956,308.12680873709473
308.15,308.3351686738143,308.1231037697272
308.15,308.1806254611054,308.17846948446885
308.15,308.2036897168144,308.2779202161767
308.15,308.2627514904357,308.3093727710234
308.15,308.1719782880366,308.1493817107976
308.15,308.2174976933955,308.14293703647246
308.15,308.2044008852183,308.21620165017345
308.15,308.15223118705984,308.1444719271527
308.15,308.0940446782653,308.0087966991935
308.15,308.27473892682144,308.31342699656375
308.15,308.2846805593343,308.2610111585162
308.15,308.0761551449673,308.13073578333933
308.15,308.131744633927,308.35762207882266
308.15,308.09534896952897,307.9878244436279
308.15,308.11482797942324,308.18411899772786
308.15,308.1383559032222,308.1449289839994
308.15,308.362279201519,308.18518953614984
308.15,308.2012706094923,308.1795246027309
308.15,308.05370567567746,308.08204127262945
308.15,308.0187550335126,308.0998592481801
308.15,308.1250165164471,308.2671800203206
308.15,308.0947698025739,308.0619316268425
308.15,308.08222789301357,308.0895273423205
308.15,308.0708281068587,308.0470753604005
308.15,308.07022060458746,308.10521918385354
308.15,308.2036891144466,308.20962119643036
308.15,308.0773426594999,308.2835763618415
308.15,307.9208062492872,308.104386769644
308.15,308.2409691163911,308.09283715504455
308.15,308.10884454367493,308.1618848469877
308.15,308.1768260057838,308.17647029743597
308.15,308.16300497186114,308.24977959228335
308.15,308.00701221738103,308.24790701399303
308.15,308.07176834617604,308.21467238450094
308.15,308.29610256491435,308.2007971376424
308.15,308.07833124773714,308.1020084386805
308.15,308.21994063390025,308.0168405115989
308.15,308.0618580710828,308.036820884813
308.15,308.07768972242434,308.2355529596015
308.15,308.2766899273549,308.38122511006327
308.15,308.0784992332358,308.19938435185685
308.15,308.19439891742877,308.1846425263994
308.15,308.11829306841526,308.1924548161532
308.15,308.1083177073625,307.9923180078042
308.15,308.2525451600406,308.14785291562146
308.15,308.19021145144774,308.0497993500738
308.15,308.22767459421885,308.1140063243212
308.15,308.11109171351643,308.0813487243096
308.15,308.1063885889335,308.0974519929897
308.15,308.2547291863272,308.18385214524153
308.15,308.0637642913747,308.1330273587006
308.15,307.97576115797426,308.2373315415218
308.15,308.20812833488026,308.1944978701268
308.15,307.982378646641,308.1499885961218
308.15,308.1240385932779,308.0185010967615
308.15,308.02979893037303,308.48597405801706
308.15,308.16703253541664,308.16213713861146
308.15,308.181220469944,308.0562501208814
308.15,308.0080656158048,308.3079260610822
308.15,308.15704837995935,308.1942567160899
308.15,308.18221367602797,308.0974566446654
308.15,308.2858877729675,308.0748474258967
308.15,308.1661035254968,308.0429251647993
308.15,308.20802902498997,308.1087520301381
308.15,308.2623456968138,308.0703878496246
308.15,308.25485410925825,308.1677927544704
308.15,308.04181875612545,308.19694478123307
308.15,308.22167201572165,308.20741284688967
308.15,308.19486513288285,308.32664173337946
308.15,308.0649667225656,308.27333580541546
308.15,308.2950565958365,308.2443597311086
308.15,308.26645839545205,308.04264301589905
308.15,308.12201570863795,308.2320613439591
308.15,308.094473852318,307.8675269818157
308.15,308.1032196056804,308.08450918669456
308.15,308.11274593645425,308.373685095537
308.15,308.1040209828782,307.9140069281649
308.15,308.10404805234816,308.02817721076553
308.15,308.07576436456986,308.22295773975463
308.15,307.99117676877995,308.199695093563
308.15,308.0790931918076,308.22942278913837
308.15,308.2471323300165,308.130203689158
308.15,308.18877564271503,307.98990579357945
308.15,308.23404398496336,308.16451738673953
308.15,308.26772234596586,308.18383533730395
308.15,308.17010994859106,308.1506293531166
308.15,308.08210462471,308.0736963167172
308.15,308.049132666803,308.1282112278925
308.15,308.0318319378834,308.2096262216213
308.15,308.2769255291772,308.0834172130937
308.15,308.0584961499393,308.19701768075424
308.15,308.0408459756801,308.2902589593545
308.15,308.1976327226882,308.1649750014942
308.15,308.1997775733691,308.1610006449145
308.15,308.0598310983241,308.14497956487975
308.15,308.039284682526,308.04973870596166
308.15,308.28376460317173,308.260322321416
308.15,308.2013249436073,308.0753210612534
308.15,308.07951691041876,308.20632860109833
308.15,308.21274372854907,308.1962121403017
308.15,308.1205937219923,308.26924187110995
308.15,308.1908357728133,308.22367518028705
308.15,308.1719864987879,308.1246806921502
308.15,308.20679464057844,308.1435824415056
308.15,308.1538640965223,308.1941589273651
308.15,308.24127364724177,308.131258171681
308.15,308.1485572497455,308.1033151767454
308.15,308.2445247793903,308.1243116850722
308.15,308.3554212653274,308.09826064241946
308.15,308.3786907356082,308.19414199212173
308.15,308.02225795858163,308.1898707980629
308.15,308.1951880658014,308.2024165801193
308.15,308.04888947123186,308.171416507102
308.15,308.27182170899255,308.21813395509196
308.15,308.15915178924865,308.02472710894784
308.15,308.08798767960167,308.164995867381
308.15,308.23257682499667,308.27184810509954
308.15,308.02481663075264,308.21800780934535
308.15,308.0641360554715,308.1414857081947
308.15,308.20697842499703,308.219225161714
308.15,308.1913265503414,308.011420877079
308.15,308.34012939435854,308.1499558710005
308.15,308.13863938432735,308.1405822670889
308.15,307.9445457838869,308.2496898352326
308.15,308.18398985828946,308.1955689054571
308.15,308.2309890939874,308.231761042469
308.15,308.09984139000613,308.1668835597163
308.15,308.06064177835856,308.32191021444925
308.15,308.14680561899235,308.2151745451088
308.15,308.16648622644334,308.22509305817005
308.15,308.1686450861982,308.0825899417017
308.15,308.19711149016524,308.20263863459013
308.15,308.0052797264233,308.13474164875834
308.15,308.38073875586184,308.24096160139476
308.15,308.19541375096,308.10034448448044
308.15,308.1573800385094,308.0664409444342
308.15,308.12927598167755,308.41638158702386
308.15,308.3456819544956,308.202515256614
308.15,308.16316414484646,308.0589306226226
308.15,308.02063502796955,308.0865055416431
308.15,308.1469636973532,308.067766169189
308.15,308.35616160694997,308.0741912705731
308.15,308.26603475881365,308.0561648433135
308.15,308.0198004423798,308.15410640351286
308.15,308.08285892028323,308.08558876345
308.15,308.02446789318844,308.2437657524193
308.15,308.2765658549277,308.2053548229365
308.15,308.1475701161736,308.01045038258934
308.15,308.1951127928503,308.1678871766417
308.15,308.2623685217035,308.19753068302896
308.15,308.12801039530854,308.13563811682275
308.15,308.0925285962447,308.3135173860327
308.15,308.0077896886607,308.16499365085446
308.15,308.28849492942607,308.1970187544145
308.15,308.1582447716622,308.3457885098621
308.15,307.98117285274463,308.15901646210864
308.15,308.2397845501096,308.40849444179065
308.15,308.1140991274658,308.1567141102238
308.15,308.01263353163284,308.2938355994362
308.15,308.03740161262397,308.17985036136105
308.15,308.15636555100116,308.27913962988305
308.15,308.253822146847,308.0345304514393
308.15,308.05767252829304,308.0145517080175
308.15,308.2116712377796,308.1831388667599
308.15,308.0988932621882,308.1251184206641
308.15,308.1339641685494,308.16071957858884
308.15,308.24275434185984,307.96403990987164
308.15,308.1284887995829,308.1244039357436
308.15,308.1587227702076,307.9236227203006
308.15,308.14954499089,308.03428659985605
308.15,308.139326137209,308.1565022827683
308.15,308.1091744089092,308.31671044399053
308.15,308.1125546047825,308.1871682322516
308.15,308.16503603895666,308.06820997969265
308.15,308.14975447266283,308.12374902494014
308.15,308.2364601311541,308.14327547589335
308.15,308.0252194726678,308.1727204237061
308.15,308.0349963905443,308.0757094762495
308.15,308.07723962479497,307.9693706594028
308.15,308.1085697173662,308.05497870046065
308.15,308.10615452343285,308.2510208206304
308.15,308.1844474318459,308.21409264921977
308.15,308.22574686337254,308.2187155514702
308.15,308.1454020233918,308.1222896483869
308.15,308.2407227812156,308.08270805015707
308.15,308.16782596726944,308.2160594945881
308.15,308.19529833614814,307.98564104891517
308.15,308.03992805774897,308.241815168945
308.15,308.0886071425512,308.15046032824085
308.15,308.06735735564814,308.2099842402257
308.15,308.20975743503806,308.2473829546571
308.15,308.1407434343192,308.24400254131325
308.15,308.14068683025164,308.0327376970427
308.15,308.26674565195583,307.99781238872566
308.15,308.1703354488324,308.0750551403447
308.15,308.23670819429583,308.2072682837143
308.15,308.2032472749327,308.24891348253146
308.15,308.26209938553484,308.17399723258484
308.15,308.07976593368136,308.19751574677304
308.15,308.2150772568575,308.07191858459026
308.15,307.9947926504783,308.2097186361176
308.15,308.0011278899617,308.04469598558615
308.15,308.2088512559418,308.10076357126013
308.15,308.1260222579838,307.93602007870555
308.15,308.159037716175,308.1042721641824
308.15,308.1807884942726,308.1897888178507
308.15,308.21749692383463,308.14750300381223
308.15,308.2309659713802,308.1539102346787
308.15,308.32787593300344,308.33120924924555
308.15,308.26443758732785,308.0765734390076
308.15,307.9580630301827,308.1109572928821
308.15,308.13846999515835,308.25421418532756
308.15,308.0740751413761,308.33747036657667
308.15,308.11719862641513,308.04250239547184
308.15,308.2208585832521,308.3471269716277
308.15,308.0753456433594,308.1195767832747
308.15,308.1250195931858,308.1326666669237
308.15,308.0200811295211,308.171840027463
308.15,308.2551430535782,308.16409324060936
308.15,308.24586709837996,308.01720610063927
308.15,308.1801326009323,308.28472053448627
308.15,308.04623204223464,307.97610148342517
308.15,308.24802783574586,308.20776444669247
308.15,307.9620641012814,308.0939138729681
308.15,308.1567141742066,308.15368891754304
308.15,308.0751816619387,308.1730248566296
308.15,308.2020179638542,308.0386655862565
308.15,308.00545063266213,308.1532855709616
308.15,308.30921822364775,308.1490648806239
308.15,308.18401040941177,308.19796790636514
308.15,308.34993749311434,308.10993662026436
308.15,308.2196931401435,308.1159359627145
308.15,308.2052981948159,308.1672851356681
