303.15,C1,C2
303.15,296.15,296.15
303.15,296.26280094921333,296.23659380332685
303.15,296.2732472263556,296.25570327894786
303.15,296.1349125734925,296.1871821014847
303.15,296.2749253526691,296.41520134225703
303.15,296.3370825802234,296.3693688919572
303.15,296.5011523100514,296.37080474208614
303.15,296.45634753940215,296.34271655291445
303.15,296.4975098303366,296.3450536261689
303.15,296.7237274119788,296.56102475776385
303.15,296.72777680445887,296.65896818587777
303.15,296.9425080798343,296.72881200765215
303.15,296.99615674704677,296.95713482539287
303.15,297.1885310001345,296.9437415774414
303.15,297.17499716912744,296.90278161115464
303.15,297.5079654537129,297.06592425819696
303.15,297.6532072080878,297.3689847584857
303.15,297.7249509847904,297.61943272519164
303.15,297.990084251594,297.6397471616508
303.15,297.9599916949,297.6752625552712
303.15,298.30077766401143,297.8852015678501
303.15,298.36239005296284,298.0129197838168
303.15,298.64032816099956,298.1002008045371
303.15,298.7221015892216,298.1874977206414
303.15,298.9638217738178,298.40982746482325
303.15,299.1647054585378,298.50334888675684
303.15,299.2745928230861,298.76065963655765
303.15,299.6267185464641,298.8158085901951
303.15,299.66750624202353,298.7929710821153
303.15,299.8778031401788,299.12128551893585
303.15,300.02288010233565,299.1724049643905
303.15,300.17871495392393,299.46277899789425
303.15,300.4268423207712,299.512201997317
303.15,300.64768149426,299.7678949035675
303.15,300.96872787125324,299.88136938577026
303.15,301.10616954138015,299.9604160212375
303.15,301.08774286317663,300.15883345537765
303.15,301.31496550707135,300.39335412062775
303.15,301.26300338518007,300.5156954981959
303.15,301.56538765046827,300.55924388726845
303.15,301.7159121637794,300.7109651330134
303.15,301.8232083781296,300.98363264843215
303.15,302.1395983251445,301.0897059330589
303.15,302.2290866775159,301.24319075650675
303.15,302.42417478753816,301.23106040548487
303.15,302.85636327463766,301.3935715261321
303.15,302.54360726179993,301.7376547360726
303.15,302.6765359049048,301.81927693743853
303.15,302.95817521140435,301.8403851837525
303.15,303.03595920666334,302.02239894882956
303.15,303.29095400915594,301.9194904758696
303.15,303.3405519184118,302.08539037009774
303.15,303.32024843448403,302.2924528224788
303.15,303.3534875374334,302.2883695813086
303.15,303.44197825337,302.5031067404993
303.15,303.79133746833213,302.6020744686737
303.15,303.72690530287736,302.8191852592103
303.15,303.7701288514283,302.6207849926576
303.15,303.9495825799117,302.9142448875532
303.15,303.9931658853024,303.0230371330265
303.15,303.94329663794804,302.98659146569713
303.15,303.9797908667592,303.09303738262446
303.15,304.1608512641605,303.3128223883625
303.15,304.161278914537,303.1805360582029
303.15,304.53014852407165,303.27170813953774
303.15,304.2130288219933,303.4560211498092
303.15,304.2861714650191,303.6569265391017
303.15,304.308782907161,303.52022551003824
303.15,304.2300992244568,303.83784785406425
303.15,304.4072914322269,303.68511954227733
303.15,304.4506973614894,303.71192880627217
303.15,304.3877990446416,303.69597379952535
303.15,304.5270166165754,303.87738415186703
303.15,304.6155413277227,303.96329796427506
303.15,304.54382888626736,304.08186254949015
303.15,304.83658380787165,303.84620802647555
303.15,304.5265940910519,303.9576262987992
303.15,304.7357518078448,304.0512378504899
303.15,304.6634714581406,303.92377065671747
303.15,304.46319254086364,304.1341707962188
303.15,304.6286138143317,304.3279958816152
303.15,304.6930059915057,304.26128656911084
303.15,304.5868507757017,304.3142280645079
303.15,304.6376449081772,304.15450532749793
303.15,304.7451170786074,304.2892898987348
303.15,304.68816897472334,304.38359906840856
303.15,304.42757793630255,304.09092147685976
303.15,304.5311776374597,304.40083160570606
303.15,304.51104810681863,304.1810806293441
303.15,304.6303347474197,304.2026000369982
303.15,304.35031954012277,304.2392838171421
303.15,304.41649837670013,304.2593000731389
303.15,304.6512227180197,304.29577001616707
303.15,304.473354536451,304.1989376428969
303.15,304.5619522161339,304.2524722486901
303.15,304.5760499970876,304.1762889535883
303.15,304.5410343405814,304.33339450829516
303.15,304.3969412996635,304.08264000136023
303.15,304.6259373067316,304.23591291986537
303.15,304.4343209072885,304.166113812417
303.15,304.244995459358,304.2938917048178
303.15,304.43015716894115,304.0134689319604
303.15,304.2315284966796,304.2048005837917
303.15,304.3519676970923,304.1448716110638
303.15,304.2492316331323,304.2469514491746
303.15,304.25970177820477,304.11492698525313
303.15,304.2810595430735,304.16921073473515
303.15,304.2663104300722,304.0806796709925
303.15,304.2490512195871,304.1699631602198
303.15,304.108948864304,304.1500099962073
303.15,304.07799280711305,303.88324071814736
303.15,304.0945210361043,304.02112054341853
303.15,304.08607629593445,303.9370013398952
303.15,304.11345245489736,303.8975204996172
303.15,303.9990493073181,303.8684788756349
303.15,303.9921557297684,303.9114391729216
303.15,303.8423107540389,303.9719212953668
303.15,303.8903714785895,303.9262703720514
303.15,303.8707496502263,304.1001437141499
303.15,304.04627491298197,303.77659023041684
303.15,303.6802451651594,304.03237710683294
303.15,303.8315778417031,303.83235647030284
303.15,303.82163544799,303.93852030815964
303.15,303.6768802930237,303.7577471159079
303.15,303.7809855971021,303.625476875524
303.15,303.6174958219337,303.8070228901785
303.15,303.69669321516034,303.9615043085977
303.15,303.5761375537579,303.7217308896987
303.15,303.63225678478756,303.83252912164653
303.15,303.37316867426273,303.81435257799376
303.15,303.60074231427524,303.75032973428046
303.15,303.438012210073,303.64801286219875
303.15,303.58932580003477,303.68403549272506
303.15,303.4503414084107,303.31911892774735
303.15,303.50397890690016,303.62173917159197
303.15,303.45608039809355,303.62060266099195
303.15,303.3308268199465,303.5592372796637
303.15,303.3612758466644,303.41244473127244
303.15,303.2715550034139,303.5486030348974
303.15,303.45247353164456,303.5746528033698
303.15,303.2331139496266,303.5133043288012
303.15,303.2515496024257,303.4769187272069
303.15,303.3054966362664,303.4031851654237
303.15,303.2228045218178,303.36158549919145
303.15,303.4023709167099,303.4018142674826
303.15,303.16542504656985,303.5907029733726
303.15,303.0903288558138,303.3715001307057
303.15,303.02890199730365,303.2015193870772
303.15,303.3703257721539,303.4161720651492
303.15,303.0033169035786,303.39088769464576
303.15,303.14617229923226,303.06026719597975
303.15,302.94426832032997,303.3640340460561
303.15,303.22551394787666,303.2055459975932
303.15,303.2392412338734,303.20986511532163
303.15,303.0767650912508,303.2580335141772
303.15,303.1114008577859,303.49132756201345
303.15,303.0605585049604,303.31024561760347
303.15,303.02185336395365,303.29728463152503
303.15,302.9868157339278,303.14888472525433
303.15,302.82908907364856,303.32138398433193
303.15,302.97005675196544,303.1468734094047
303.15,303.01827101857214,303.23664362129625
303.15,303.0787819615892,303.28598102901634
303.15,302.91682329263773,303.2194241155545
303.15,303.22285188894625,303.26384510508024
303.15,302.9587832944727,303.2227964983635
303.15,302.86347217739007,303.1166758452155
303.15,302.9558844900317,303.095630242752
303.15,303.05374888176453,303.1957610582235
303.15,303.0769289886372,303.1741237995084
303.15,303.0903417038689,303.0853032118854
303.15,302.75263618286266,303.2990046939613
303.15,302.8490146790784,303.29352696608277
303.15,302.9986712366152,303.2822321749494
303.15,302.86919021812275,303.2538023151906
303.15,302.92459270008976,302.92614342801465
303.15,302.90415049945165,302.9247882595292
303.15,303.0664436157599,303.18080845850596
303.15,302.99003222526426,303.0939254738632
303.15,302.8624905198626,303.1122042626591
303.15,302.98627391829194,303.08017690703014
303.15,303.1134929997929,303.2652035930735
303.15,302.9046207696862,303.1219671259622
303.15,302.9795683292973,302.91058176037825
303.15,303.0150889222007,303.2872016832981
303.15,302.9895081537916,302.969673654667
303.15,303.1116938879688,303.2111738061986
303.15,302.9251229317257,303.119481208684
303.15,303.0929437041914,302.9274396825018
303.15,303.0005369055691,302.875401954654
303.15,303.0567905498701,303.1602335647899
303.15,303.00634928090426,303.1686959919463
303.15,303.05156624909625,303.1525376726606
303.15,302.9715534744629,302.8289496759641
303.15,303.0238277295879,303.15756438576324
303.15,302.94237110578797,303.14291012777545
303.15,303.04130398978396,303.14429655736035
303.15,302.9328957626588,303.2022416340268
303.15,302.9803437083273,303.0700647483423
303.15,303.00567097857623,303.05324754697574
303.15,303.11980194519333,303.06551932541385
303.15,303.0700029298207,303.2183070826447
303.15,303.1369024541658,303.02106697179653
303.15,303.17456112177837,303.1933264149091
303.15,302.9932991820522,303.20201570636834
303.15,303.1304873120178,302.85160777848614
303.15,302.97841760047186,303.2295786366224
303.15,303.10241771195024,303.22895846100437
303.15,303.13934196405376,303.24951940552296
303.15,303.0793831820278,302.968922114799
303.15,302.9328968999694,303.1741454222477
303.15,303.07953085631203,303.0916571533833
303.15,303.14149727743745,302.99058370279005
303.15,302.95400923622935,303.06905212366115
303.15,302.8897173573431,303.03057269688173
303.15,302.9005672095044,302.9580805155494
303.15,303.1529216611391,303.29066679809614
303.15,302.89296182064334,303.27179046734585
303.15,303.1605494983034,303.1274160207252
303.15,303.17025736815987,303.1808827114692
303.15,303.11533649528286,303.1710586530675
303.15,302.950610217942,303.1070882854529
303.15,303.17053955113755,303.0991008921908
303.15,303.0727570866227,303.12457463763013
303.15,303.1412178155723,303.111841921482
303.15,303.0927032601075,303.27443596065785
303.15,303.1163300504472,303.06976281089294
303.15,303.15683140900444,303.14891651808966
303.15,303.13112429454145,303.0746671265122
303.15,303.1109175540905,303.2062994348789
303.15,303.0377053690553,303.08272351085265
303.15,303.14514263581583,303.22044773641204
303.15,303.16359863949685,303.3582149888853
303.15,303.217825651311,303.1928014937359
303.15,303.0254427335796,303.20060324235413
303.15,303.0145431098337,303.04235804446245
303.15,303.33882621285665,303.1719755714571
303.15,303.24550636949675,303.3578642616625
303.15,303.0997020919783,303.0034875348099
303.15,303.20373414151277,303.26181629941556
303.15,303.113182657011,302.9710672531103
303.15,303.0349261074412,303.19026717536497
303.15,303.15047152050295,303.332997084597
303.15,303.1204146855333,303.14987530942665
303.15,303.24476441495403,303.42089780049264
303.15,303.0946788417486,303.18749151267525
303.15,303.24361680273256,303.0106062583909
303.15,303.36959337436156,303.14565053041446
303.15,303.2093728052486,303.0942776480789
303.15,303.12807334992976,303.2234257353356
303.15,303.1582887626981,302.980028269789
303.15,303.295507415439,303.19239911486835
303.15,303.1701427151114,303.0895015239845
303.15,303.3665907716638,303.3348920267921
303.15,303.0578491136064,303.27598670243856
303.15,303.0437964225639,303.2721404439598
303.15,303.1227631773582,303.18501760657597
303.15,303.14123980300366,303.211270412305
303.15,303.04029706689823,303.38342325184675
303.15,303.17690409607354,303.03842654844846
303.15,303.10686673497986,303.2181065850972
303.15,303.2270777276482,303.3384772316905
303.15,303.24171304533684,303.2215959986742
303.15,303.17231713555424,303.1272707083132
303.15,303.19195163734156,303.3347983023985
303.15,303.12465400327704,303.1716675306835
303.15,303.0602584112689,303.3063425622646
303.15,303.25867743279355,303.1049552592727
303.15,303.31589358249124,303.19229658309206
303.15,302.9979317168507,303.16250737736493
303.15,303.09099836816546,303.0626771579432
303.15,303.27608144214076,303.25458533263594
303.15,303.1222458000647,303.2215580089292
303.15,303.26811739180147,303.2221844404343
303.15,303.0972668377078,303.05735792160334
303.15,303.12413655295893,303.3294220324393
303.15,303.1691812292758,303.2690418644489
303.15,303.2874602430518,303.267660895139
303.15,303.2587140943972,303.25484630706217
303.15,303.18871514119473,303.0742684898022
303.15,303.0668412122252,303.13096726886954
303.15,303.10704219978425,303.20639087671873
303.15,303.30534729967786,303.3540889268733
303.15,303.1008124824979,303.2026883918689
303.15,303.17210017837556,303.275515952232
303.15,303.1472825620891,303.1628788150706
303.15,303.2204407130601,303.1572321465533
303.15,303.1771277307479,303.0565802247887
303.15,302.9792860398441,303.2064481657491
303.15,303.1619745031719,303.2320083377917
303.15,303.1636181264069,303.04571861949665
303.15,303.02614644467684,303.2466503467784
303.15,303.28031749572034,303.1546456503014
303.15,303.07241556030147,303.2639151244864
303.15,302.9891440069625,303.3271534332989
303.15,303.11267309523663,303.1136720338983
303.15,302.9634290014928,303.33090075829705
303.15,303.25053094970093,303.2254939388219
303.15,303.2578356466678,303.3218430302471
303.15,303.1493698045705,303.25350572817956
303.15,303.0169291165706,303.0641941583339
303.15,303.11642047462135,303.0729212658338
303.15,303.310472683779,303.12958391478014
303.15,303.153523907198,303.2399495861777
303.15,303.12192748790676,303.06681352575924
303.15,302.9617235150801,302.9531147268543
303.15,303.1918274175961,303.1435049209779
303.15,302.9918489069944,303.2588053427299
303.15,303.3738800400997,303.22385738695147
303.15,303.05658314020513,303.12356916897727
303.15,303.2486105154461,303.1953743549997
303.15,303.2200542495608,303.2696282720144
303.15,303.1402910456526,303.15440176752577
303.15,303.20229624434626,303.221197491312
303.15,303.1462161510648,303.3459198093755
303.15,303.2258941810203,303.2504785633611
303.15,303.2971102149537,303.0120433378036
303.15,303.2520781168437,303.19674475200543
303.15,303.0235856610264,303.1678006855723
303.15,303.31811907402573,302.99622223172423
303.15,303.25286692415295,303.2981549848387
303.15,303.03856577914445,303.1091965538375
303.15,303.1252336772096,303.0524724565777
303.15,303.16030931131405,303.00828146439324
303.15,303.16795335085516,303.16265538554114
303.15,303.0799600729155,303.1239004646777
303.15,303.003270730271,303.30081308664495
303.15,303.0700553451175,303.2201217067734
303.15,303.1085507039638,303.1609664390836
303.15,303.20833144073555,303.16012180108794
303.15,303.1166862779244,303.2736064558929
303.15,303.1811358051673,303.3166411193587
303.15,303.1716015143272,303.1199858623563
303.15,303.12769404358266,303.01191759991684
303.15,303.24868618725435,303.2451068864172
303.15,303.1160012248103,303.20982153368465
303.15,303.1690403066982,303.2143842064129
303.15,303.1301504343465,302.9992107225262
303.15,303.1130708013969,303.24642190323624
303.15,302.9553618016562,303.1527168526242
303.15,303.1583040111866,303.22147018538533
303.15,303.2514444940549,303.16018059588214
303.15,303.3215234980835,303.023552073172
303.15,303.18105785420465,303.18777624478395
303.15,302.9561455118149,303.10379772292504
303.15,303.20569299836643,303.193073157279
303.15,303.16767450518756,303.2687780301653
303.15,303.1033040647902,303.3668862502998
303.15,303.23269181802516,303.12104249615135
303.15,303.2025899286065,303.25011835522264
303.15,302.99622699840893,303.16217038324817
303.15,303.0934434682921,303.10493206036915
303.15,303.1182267673529,303.1565522943186
303.15,303.0750197091703,303.26429898639304
303.15,302.9689835018155,303.2109623733951
303.15,303.1389111433016,303.1298171135237
303.15,303.2124080813077,303.15298065523734
303.15,303.0030092822344,303.1129141634211
303.15,303.1918029833482,303.11705004362295
303.15,303.1521577252807,303.2595192263502
303.15,303.16607952183944,303.2085117123
303.15,303.1415776507243,303.0998609115734
303.15,302.9187206595473,303.22274506094175
303.15,303.18437605746414,303.2894773392477
303.15,303.053839030374,303.181153398537
303.15,303.21319709179926,303.17442846676187
303.15,303.1301496240183,303.03259883911187
303.15,303.0367599368107,303.23994400751155
303.15,303.17245691960875,303.1053947174715
303.15,303.157594687993,303.22628867562645
303.15,303.28167859124915,303.17692908556637
303.15,303.02118123374044,303.2477374386787
303.15,303.0061377001956,303.15326588726083
303.15,303.19048553364433,303.20006574384945
303.15,303.17932643321643,303.02414890664517
303.15,303.32649841262713,303.31769461182546
303.15,303.1045586185473,302.9703983465404
303.15,303.166364341729,303.3317421378294
303.15,303.10701695615035,303.3032328818945
303.15,303.2463339576738,303.13720590930296
303.15,303.123486272725,302.91197527568346
303.15,303.1931204549591,303.18736306965786
303.15,303.1985063759836,303.08236709396175
303.15,303.2711031398833,303.0432620941673
303.15,303.2046216235504,303.18938306038206
303.15,303.29005329380226,303.09695511115603
303.15,303.231103836903,303.2153599167791
303.15,303.0664551289587,303.1805580899601
303.15,303.1652274795347,303.23194697653526
303.15,303.17891756762367,303.24242951096653
303.15,303.32559685909484,303.09248955098116
303.15,303.020259414333,303.1830993825683
303.15,303.09366476317524,303.16123026519693
303.15,303.19901970051677,303.2281896358933
303.15,303.0385293228093,303.2714952931913
303.15,303.12092742403297,303.23673532894287
303.15,303.1767912657632,303.1685880432261
303.15,303.1997279509133,303.3210069468291
303.15,303.0698288751725,303.1160817062662
303.15,303.07433964884143,303.18494059945317
303.15,302.97730582298107,303.3437930543214
303.15,303.2129282810865,303.26106659055716
303.15,303.2673308189723,303.2108466785963
303.15,303.03400466600397,302.98570195974014
303.15,303.08212947306197,303.08501006905203
303.15,303.14477394350973,303.26206001973145
303.15,303.2729562741199,303.29759205901456
303.15,303.236236408738,303.27666765520655
303.15,303.17257223344035,303.0244255743341
303.15,303.33398364845885,303.23706292279365
303.15,303.192071190698,303.12062481614794
303.15,303.3493777922763,302.93599470512856
303.15,303.1928650537199,303.267800703847
303.15,303.04267663317006,303.32925708015046
303.15,303.05716559308956,303.264476182379
303.15,303.1836651370662,303.0016250445344
303.15,303.0436099158143,303.0577189870363
303.15,303.0602539917228,303.25570179379866
303.15,303.1979918546398,302.9634513148589
303.15,303.16898729947235,303.0065222391257
303.15,303.3068885341203,303.215774501895
303.15,303.05558022556784,303.1648530489895
303.15,303.03789493921187,303.28685409058755
303.15,303.19996815601553,303.18937124677205
303.15,303.17826030431314,303.0905339955729
303.15,303.0826182998594,302.9823113842685
303.15,303.31954991672296,303.2277911784565
303.15,303.0434761091422,303.2201089663236
303.15,302.9865684888359,303.29374093113944
303.15,303.0834436134929,303.2455450486036
303.15,303.14988310182736,303.10932101628885
303.15,303.3559394005855,303.11294615270697
303.15,303.2181125422935,303.1206183497635
303.15,303.29523282422923,303.0751865132007
303.15,303.2935950298798,303.0911505090461
303.15,303.30894865428536,303.17027026757165
303.15,303.1446743394832,303.2839703415897
303.15,303.1611633436061,303.2807283533632
303.15,303.02916675655683,302.9709138199485
303.15,303.07699846591777,303.29387023547514
303.15,302.9964506785542,303.29544890447517
303.15,303.13446452465183,303.133050437247
303.15,303.05651391732505,303.11840486085384
303.15,303.0715178419708,303.3394387867448
303.15,303.1156626522357,302.98386846407726
303.15,303.06317563372664,303.19109786207525
303.15,303.23028682654257,303.31242873935065
303.15,302.99959619136075,303.23191825322317
303.15,302.844726891667,303.248888197722
303.15,303.15691808821555,303.0225938129862
303.15,303.29996007631524,302.9938800852343
303.15,302.83931335894886,303.3501881755895
303.15,302.9995099156094,303.17523136715846
303.15,303.0931044869883,303.23340507926173
303.15,303.1428915293085,303.1444943286555
303.15,303.0436932604383,303.1608122830697
303.15,303.07869569872946,303.1985011166992
303.15,303.0640163825784,303.1218646929789
303.15,303.2189808351681,303.3133298477413
303.15,303.14335127332004,303.2102387135887
303.15,303.1973684604337,303.402166490455
303.15,303.2564090992151,303.066511508488
303.15,303.16928652099017,303.1540099760083
303.15,303.2049895488257,303.1497541067491
303.15,303.1696665267338,303.3407328339498
303.15,303.0385527580798,303.3417102812732
303.15,303.26129146059924,303.11634212643776
303.15,303.21856733857015,303.0745022335928
303.15,303.1950307620862,303.15293375274615
303.15,303.14443741881263,303.1189688952945
303.15,303.21441438959306,303.2167945832287
303.15,303.1975420712443,303.2215573544284
303.15,303.28616390342717,303.0702446551013
303.15,302.94293767599777,303.12784132411167
303.15,303.1741789979089,303.21775911963647
303.15,303.07970772200485,303.2285893600467
303.15,303.1220564300352,303.1468114991275
303.15,302.92421017198484,303.0612366511702
303.15,303.10754359310545,303.3228971583696
303.15,302.9877083565384,303.1347840146866
303.15,303.1874231731413,303.2611654048366
303.15,303.0309473590175,303.1232919980783
303.15,303.1065472901122,303.09869613173146
303.15,303.15681723976127,303.1295055175953
303.15,303.1535900155995,303.1109570665096
303.15,303.05014345336997,303.26237188759643
303.15,303.2452643959582,303.3031341287728
303.15,303.30128496383765,303.15265353578917
303.15,303.234328532769,303.21152677057927
303.15,303.13442784972983,303.12861804317015
303.15,302.8912811131329,303.1075380110115
303.15,303.1934191004638,303.21284372008415
303.15,303.2700669712115,303.2422920034287
303.15,303.3174267367504,303.0365589009053
303.15,303.1748369222382,303.0948813895473
303.15,303.08307827320556,303.0673049763649
303.15,303.25146752061147,303.07597438988483
303.15,303.16170537740425,302.8830356557322
303.15,303.2672539622112,303.03591253372787
303.15,303.0708430106286,303.21873153895166
303.15,303.1922755833385,303.2064265480152
303.15,303.1099561243875,303.1598639538086
303.15,303.2634464946433,303.1100059501335
303.15,303.2495577245792,303.08840725407583
303.15,303.0269857069346,303.1544985382826
303.15,303.0754655568723,303.06956181681534
303.15,303.26625630849406,303.006517112302
303.15,303.09402577203434,303.24596300787294
303.15,303.01672595784106,303.1690056647766
303.15,303.21134875616826,303.1429485996454
303.15,303.27921088500517,303.12019090803284
303.15,303.061720184211,303.2096218877339
303.15,303.1319643009782,303.1896753202048
303.15,303.2495404984362,303.189908009882
303.15,303.20773758792285,303.15007958049574
303.15,303.10692601957567,303.0641668387474
303.15,303.2393348047888,303.28877437745274
303.15,302.99955611696737,303.0746171589103
303.15,303.12368395937943,303.2149712338115
303.15,303.1353273500496,303.0957396454803
303.15,303.0655422418503,303.1645937509566
303.15,303.0940693548151,303.21700184537247
303.15,303.1696216215712,303.01985542233655
303.15,303.15099644064156,303.16747753190435
303.15,303.2949965416097,303.08588411558634
303.15,303.2028315450174,303.14141033027914
303.15,302.96468561414326,303.154897304909
303.15,303.2941334028814,303.18239551482515
303.15,303.1261359656555,303.2956679488366
303.15,303.1466900938029,303.2659551911847
303.15,303.12372259231176,303.149706556302
303.15,302.97413361441085,303.1027504979017
303.15,303.38494870032804,303.2146049890614
303.15,303.0074473677373,303.07989270236124
303.15,303.27440302459604,303.2386962046887
303.15,303.1176498098621,303.0828082778822
303.15,303.28788835622737,303.1217411565002
303.15,302.95639337603785,303.227430565442
303.15,303.0717154530601,303.0074835763797
303.15,303.09541946660886,303.27011705064604
303.15,303.05677871391214,303.28341282811544
303.15,303.2250221444721,303.18725774805586
303.15,303.25138956013126,303.1674390461085
303.15,303.1687757377425,303.26911817888487
303.15,303.2267462827046,303.1873893707698
303.15,303.1880967311486,303.092386610558
303.15,303.1650575830075,303.1640172923058
303.15,303.1832517973999,303.22496488070897
303.15,303.203522550046,303.1478382411141
303.15,303.0322449120777,303.3210944804183
303.15,303.3581942897389,303.1746650660386
303.15,303.08750646776775,303.0239386564395
303.15,303.07045271340064,303.07786192183227
303.15,303.1752595619679,303.30344586821565
303.15,303.2495695697864,303.24583501219536
303.15,302.98921394442533,303.044970695925
303.15,302.9916737251139,303.1285380808035
303.15,303.2064170407262,303.1117672114742
303.15,303.14221333670787,303.0580921944396
303.15,303.1305966025578,303.2119417909284
303.15,303.2138160742605,303.3275532515637
303.15,303.17098199203576,303.143349635373
303.15,303.21320632153447,303.0627579389591
303.15,303.30568896503064,303.09450644900164
303.15,303.1227871979803,303.09822956486937
303.15,303.1644853692842,302.90570442412996
303.15,303.11981566965443,303.18422608557216
303.15,303.0754327409259,303.20108816017813
303.15,303.15750651342745,303.26263858109724
303.15,303.23931324161714,303.1386625634969
303.15,303.20152840478084,303.0904864294514
303.15,303.0433878027997,303.11014731918846
303.15,303.20944976794385,303.2311072001182
303.15,303.11432243447996,303.1357972782728
303.15,303.0132642073954,303.06602373218806
303.15,302.99964259650426,303.2568948797855
303.15,303.0652902118889,303.1358594055949
303.15,303.1564838876782,303.0820269780774
303.15,303.20756700746466,303.28197514062
303.15,303.0175618165985,303.11125137052153
303.15,303.1304018083191,303.1795863595064
303.15,303.206611641254,303.1542526870265
303.15,303.1573162108293,302.99575894467057
303.15,303.2357017590219,303.11340758832
303.15,303.1609990842351,303.2448634576255
303.15,303.24100397607157,303.24772293242046
303.15,303.08740736179703,302.98866382245336
303.15,303.1471676631526,303.1694557093803
303.15,302.93616686105173,303.2100043649451
303.15,303.0098203237917,303.1924812021649
303.15,303.1938215706606,303.19816465648853
303.15,303.0993236617615,303.1753263022945
303.15,303.26432266326196,303.07452070362183
303.15,303.07083116317597,303.0742090559996
303.15,302.97051679219203,302.9977543195821
303.15,303.2668256861637,303.2574965079272
303.15,303.17745156872934,303.23133548159564
303.15,302.9857588863552,303.16231341006846
303.15,303.17659347023533,303.1380632361341
303.15,302.94714242228883,303.300064763129
303.15,303.19646578756516,303.1575939530472
303.15,303.30401703784946,303.0573906128016
303.15,303.22314128915997,303.1690092259465
303.15,303.2361866473637,303.1279477014693
303.15,303.1926402190814,303.3021131063027
303.15,303.2174899372214,303.047644644326
303.15,303.37092755810556,303.2715226865344
303.15,302.9634796303169,303.11306630522665
303.15,303.2796402119034,303.11886694662087
303.15,303.12620664997314,303.3240432345459
303.15,303.1295740619457,303.214715369063
303.15,303.0789645115508,303.15074746862865
303.15,303.1998071151926,303.14197491524845
303.15,303.21015138451247,303.22734158347197
303.15,303.14948062847606,303.08683559329796
303.15,303.15619032978145,303.1989143783371
303.15,303.26968694086156,303.17119562994577
303.15,303.2374759749749,303.11516572907374
303.15,303.2047758104045,303.1104781124245
303.15,303.0291183105448,303.16722464862875
303.15,303.1126259535583,303.14741154228864
303.15,303.2451067056075,303.1534479649834
303.15,303.17388071333465,303.1839938030524
303.15,303.1646580866431,303.2860175613187
303.15,303.20718621765315,303.2774679671854
303.15,303.2712283902001,303.1254580283383
303.15,303.34681504993205,303.0356584143273
303.15,303.1313358286504,303.2066539533731
303.15,303.15816928787126,303.0430813500194
303.15,303.14288665701577,303.1392422670113
303.15,303.1373850287539,303.2350514770937
303.15,303.15493518235996,303.17250177789083
303.15,303.22734251808254,303.1319465102237
303.15,303.3025437494311,303.2132354372159
303.15,303.2246518637708,303.01544233518024
303.15,303.17411160921074,303.2376086298667
303.15,302.964930290961,303.24776495802115
303.15,303.20477113587367,303.324992052323
303.15,303.12029810876004,303.0285858412076
303.15,303.0175103782891,303.2180083613008
303.15,303.2835311388165,303.12294017706887
303.15,303.0709662543624,303.1080361408023
303.15,303.3217065850299,303.0563239358836
303.15,303.07542191335506,303.3183823017257
303.15,302.9306631734571,303.04479775350217
303.15,303.03217932652063,303.2413586154809
303.15,303.07034139302056,303.10977078333804
303.15,303.0837979744595,303.12571181902376
303.15,303.1052034111318,303.23491481041526
303.15,303.28963784323184,303.2017221666083
303.15,303.13369988266675,303.1678418244157
303.15,303.3629061960173,303.2451084940987
303.15,303.09986063282196,303.1217366034527
303.15,303.07810636963205,303.130445701846
303.15,303.2137803962573,303.3177803800996
303.15,303.2228504680868,303.25538279983687
303.15,303.2549488065362,303.1530622370107
303.15,303.1648596863276,303.12597045228586
303.15,303.1597883841428,303.09414049958326
303.15,303.06743489165893,303.1735045764011
303.15,303.12877886144605,303.21145338243554
303.15,303.22743591271075,303.1731542235367
303.15,303.123701489837,303.0732752407489
303.15,303.2204034662965,303.215457614711
303.15,303.2325706730716,303.19497621319664
303.15,303.0134901779547,303.1447924982211
303.15,303.1966164458722,303.0626604756721
303.15,303.176946346036,303.12334619129336
303.15,303.24715702237063,303.16334841227416
303.15,303.0882571830769,303.22133540659325
303.15,303.1215490480478,303.2487492127
303.15,303.11689548333266,303.1121890103769
303.15,303.2374888341387,303.0375192002759
303.15,302.96515329003665,303.1467342468713
303.15,302.9249445411823,303.2257998314848
303.15,303.1849390625273,303.0193987676285
303.15,303.1219710261497,303.2455730551964
303.15,303.12558222920774,303.0399885653238
303.15,303.0454770877741,303.2498776207241
303.15,303.25480264648394,303.2307084658185
303.15,303.1438357185022,303.3297254027265
303.15,303.01113401565146,303.092686833117
303.15,303.14835758134984,303.0452344316434
303.15,303.0799442055822,303.2124665122316
303.15,303.2109209489806,303.22372503019665
303.15,303.0975565888536,303.3084885826074
303.15,303.0633288415886,302.9344205015342
303.15,303.0449050778871,303.1572485072097
303.15,303.06873572434694,303.1390953994917
303.15,303.30548747911234,303.248723323411
303.15,303.20140419028604,303.0059770885081
303.15,303.22698584890884,303.1814040050542
303.15,303.04280806409133,303.33620342107224
303.15,303.11205468815325,303.1308781275874
303.15,303.11828734390656,303.0461085396098
303.15,303.0971129770408,303.1010394586192
303.15,303.1735140450742,303.1138654933203
303.15,303.2685592830175,303.1010537688356
303.15,303.14068382073356,303.20128693877456
303.15,303.32364641975374,303.1008942149951
303.15,303.14791848230647,303.1715462181045
303.15,303.19513080927493,303.115626548839
303.15,303.23697125430067,303.14456085300355
303.15,303.25524996408956,303.1276757639176
303.15,303.1777627661182,303.2263269777426
303.15,303.08416787647656,303.2425974480993
303.15,303.13809528142326,303.1891306275501
303.15,303.153980013063,302.9278250285178
303.15,303.12713270451627,303.1393175686833
303.15,303.0044098079896,303.0793099567743
303.15,303.1927399116063,303.2857113093548
303.15,303.2010405702903,303.2112856239152
303.15,303.23557862493703,303.045164668404
303.15,303.07256480083026,303.4075013051513
303.15,303.16976426806144,303.1081037075937
303.15,303.0530918104762,303.0517912384768
303.15,303.165743162778,303.0253777561958
303.15,303.36090420049936,303.163962423577
303.15,303.4204807218036,303.1507355746676
303.15,303.17222952335624,303.0362265016259
303.15,303.26579627088364,303.1825723354422
303.15,303.10633369919924,303.12956284396455
303.15,303.0932198733872,303.2002778185517
303.15,303.22733478804224,303.0362545932037
303.15,303.02953862559343,303.1026198222093
303.15,303.08222780097856,303.2183350383888
303.15,303.0845149458444,303.1226367410255
303.15,303.1147153253404,302.9443804867589
303.15,303.0959805407319,303.2053617912093
303.15,303.0810431964468,303.0372824613325
303.15,302.96265583671857,303.12304040381736
303.15,303.10220222058445,303.0136675490676
303.15,303.0899252062965,303.09775872349314
303.15,303.27862031097936,303.0496377005841
303.15,303.21300597807317,303.27174358228774
303.15,303.3677519980457,303.16954286527175
303.15,303.25242373908884,303.1599293699863
303.15,303.16416589036044,303.2477935237812
303.15,303.21075676237143,303.2659166160064
303.15,302.9312998976446,303.1342490673212
303.15,303.0546116024316,302.99848838998713
303.15,303.2785957131883,303.11373675466774
303.15,303.1929476332905,303.2212153286094
303.15,303.03203701807575,303.28556629486417
303.15,303.16879931127346,303.1617067758975
303.15,303.0765923221787,303.0137505923345
303.15,303.254468208082,303.3123316320475
303.15,303.12857467608234,303.1178618062175
303.15,303.17144820771443,303.1901625105641
303.15,303.15108146511966,303.0613829007147
303.15,303.1180556722605,303.10350939901133
303.15,302.94419215854793,303.2551626320365
303.15,303.14394912254454,303.08470784268815
303.15,303.1828980005394,303.1347770171941
303.15,303.08287649309693,303.11029328428873
303.15,303.0728509659631,303.2254272466466
303.15,303.1233814855713,303.247751254884
303.15,303.28428675271806,303.10078839098793
303.15,303.0789278199332,303.1858750611177
303.15,303.1426526271856,303.2659614107773
303.15,303.2230241355727,303.1240313284698
303.15,303.23588287518675,303.1932602242191
303.15,303.10438593386584,303.168189948682
303.15,303.14575677704477,303.0685194410825
303.15,303.1430535632868,303.14255505314566
303.15,302.96379014084096,303.10207141066843
303.15,303.17007701850446,303.03626246802287
303.15,303.0465385077376,303.12754655957974
303.15,303.2713565305317,303.1003160222073
303.15,302.9856476084207,303.0611150399754
303.15,303.14022630285444,303.12884823937446
303.15,303.0147494777819,303.17121870123736
303.15,303.32088549941847,303.1137682251365
303.15,303.00317421469214,303.04676893755214
303.15,303.13545473863707,303.2043387624749
303.15,303.12259988276776,303.17849252587456
303.15,303.08407232970256,303.25170572503845
303.15,303.0476191811833,303.2183956042221
303.15,303.19046546462965,303.108900791905
303.15,303.2899067444964,303.20032690702385
303.15,303.2071511388565,303.0195292692176
303.15,302.9691427676597,303.10716695213426
303.15,303.14475329627936,303.4346558631203
303.15,303.04532023905284,303.2746164787471
303.15,303.2051281779482,303.07143791438375
303.15,303.3649340149961,303.1849404686861
303.15,303.1290753459722,303.1723314564285
303.15,303.19154514721123,303.11272429376527
303.15,303.138972714986,303.27447997879455
303.15,302.92690817062595,303.12442288618746
303.15,302.95171478900494,303.16297555845273
303.15,303.0396518883825,303.1114159546602
303.15,303.06232967013256,303.2615821055631
303.15,303.0587934517328,303.1514783548784
303.15,303.0313047630725,303.4337575212147
303.15,303.247099936891,303.16385965912474
303.15,303.02416235509173,303.1975937869774
303.15,303.30675498387507,303.2715556235997
303.15,303.04683470274836,303.1489543434672
303.15,303.3120760163364,303.329174136446
303.15,302.99352674539017,303.12199057163923
303.15,303.25879735757053,303.2358971732803
303.15,303.25614914188645,303.156653406965
303.15,303.2011795085667,303.26382752848036
303.15,303.1399500023462,303.121574149608
303.15,303.3169632748709,303.1890767733623
303.15,303.2914997960199,303.06618854280936
303.15,303.18294523607574,303.14560673518184
303.15,303.0437948332537,303.21788401003414
303.15,303.25967641676726,303.21210465120976
303.15,303.25061405368706,303.0967584239943
303.15,303.2240090271906,302.98911555099176
303.15,303.4053209089145,303.2187708306211
303.15,303.25670101010957,303.1032212862089
303.15,303.0975232472012,303.06170185055475
303.15,303.12566795725627,303.0892461429783
303.15,303.2302877136751,303.1815374798173
303.15,303.0199388641066,303.0958098561432
303.15,303.04450729083834,303.2014458410582
303.15,303.1771365624944,303.1486227670264
303.15,303.34098345982454,303.3027966995149
303.15,303.15067644514045,303.2003588183952
303.15,303.2025966165409,303.1442314961425
303.15,303.11028718239737,303.05882573642674
303.15,303.17279447494633,303.03948878008435
303.15,303.12560820571537,303.1374815404617
303.15,303.2837910562252,303.16913623215277
303.15,303.1259026477129,302.99848437389846
303.15,303.14283473162175,303.1501234579722
303.15,303.1446444314066,303.19698034022457
303.15,303.29294912181405,303.02638857696047
303.15,303.20438626877194,303.19593633570815
303.15,303.102332098326,303.0344285970956
303.15,303.2776664971595,303.29777566334326
303.15,303.12803227136527,303.2422902066523
303.15,303.2330193117437,303.00503936013797
303.15,303.15143539412344,303.1074028638815
303.15,303.026744602626,302.95917647367986
303.15,303.1291898360628,303.24649200724036
303.15,303.4730044248482,303.1351926765972
303.15,302.95991540176794,303.08336093650416
303.15,303.2197075255391,303.0682481726535
303.15,303.2509700303093,303.15575002950783
303.15,303.09874043788767,303.09890500158934
303.15,303.2893607556162,303.27544748457797
303.15,303.1378795913765,303.0124948828073
303.15,303.064607939279,303.1455995439838
303.15,303.0071015318007,303.13078749341014
303.15,303.26569314138294,303.0181435759695
303.15,303.0532719133877,303.19629615937816
303.15,303.08737267142345,303.2411560322429
303.15,302.9735201260099,303.02776838519395
303.15,303.2628566979533,303.0577552369281
303.15,303.12687041349244,303.2431691854024
303.15,303.0030735454288,303.10287653765806
303.15,303.2036128761047,303.18300935303756
303.15,303.1369937948937,303.0622779045893
303.15,302.98984005399603,303.11482604598507
303.15,303.0898543079808,302.8109295072971
303.15,303.08730409542613,303.1569290212061
303.15,303.12276376321734,303.03541184677425
303.15,303.2227328658907,303.09761685768706
303.15,303.10911669459256,303.2177267865191
303.15,303.1120725845671,303.14324514136996
303.15,303.19585022190296,303.0714931728666
303.15,303.25501013747896,303.12811357752855
303.15,303.32932898444807,303.10517238095514
303.15,303.18397746662714,302.8789613023143
303.15,303.1311219972404,303.0941267838485
303.15,303.1911437621578,303.14174179519676
303.15,303.0758127860932,303.0017644969397
303.15,303.26205426628474,303.12133277335226
303.15,303.16710246651843,303.1092115298962
303.15,303.3035789027567,303.1967405367877
303.15,303.1462318843212,303.2233022505516
303.15,303.1382095659573,303.25697941852127
303.15,303.15646620815176,303.2244196495323
303.15,303.228764282949,303.1168284144715
303.15,303.0725894712351,303.1889735587512
303.15,303.02207677304784,303.1796660391841
303.15,303.1147403156371,303.2054684648106
303.15,303.29136306187644,303.08285129410814
303.15,303.10104930762856,303.08627561038355
303.15,303.11548907063104,303.1664176136951
303.15,303.18166645861777,303.05597451166443
303.15,303.36576177813066,303.1577925406498
303.15,303.08840906978094,302.91689747176355
303.15,302.9041699054258,303.10871909163103
303.15,303.08020102416566,303.28413031489913
303.15,303.019495541397,303.1752855883238
303.15,303.0643481608555,303.10742289146924
303.15,303.1710101280748,303.1020048247367
303.15,303.14932154705235,303.18269726274
303.15,303.20591500409165,303.1781371713918
303.15,303.0753983469461,303.09602690512384
303.15,303.1858588781798,303.28662209177116
303.15,303.21478712459094,303.2894783740242
303.15,302.96056743934497,303.090794972564
303.15,303.38620478497586,303.3034549711988
303.15,303.21373905866795,303.1514351730195
